tree
version=v4
num_class=1
num_tree_per_iteration=1
label_index=0
max_feature_idx=20
objective=binary sigmoid:1
feature_names=Column_0 Column_1 Column_2 Column_3 Column_4 Column_5 Column_6 Column_7 Column_8 Column_9 Column_10 Column_11 Column_12 Column_13 Column_14 Column_15 Column_16 Column_17 Column_18 Column_19 Column_20
feature_infos=[-1.7716745776934093:6.2659085292527568] [-1.600283618915288:4.0630691225849311] [-1.8063611856290063:4.1804156080232033] [-2.1308290003700323:5.5271945423007596] [-1.5555551110464449:4.7867780583667559] [-1.5378565506832411:3.8575436538406458] [-1.6871994861607402:4.3632348867912789] [-1.7925135856459131:3.9876273187545395] [-1.6477546476675642:6.7492121874697553] [-2.0403451282700904:3.8845098834163982] [-1.4011880255400957:5.4975050336418239] [-1.7112400037552695:3.4318977288773058] [-1.3377098512945136:4.9667776442444973] [-0.54371169999562907:6.1634995985803318] [-1.3155951721175472:4.4098898735446248] [-1.8936512026052679:3.6044724968095627] [-1.9049524338995871:3.9311928701478358] [-1.4273510996108911:3.7573765341135608] [-1.8829798166968306:3.5628613028555174] [-1.626038068891166:4.1340098137035666] [-1.3818910585022322:3.8619682957034902]
tree_sizes=1505 1628 1629 1513 1627 1737 1625 1524 1831 1630 1949 1627 1524 1523 1735 1633 1734 1534 1529 1840 1753 1634 1751 1530 1652 1749 1642 1531 1417 1534 1315 1425 1530 1318 1530 1537 1638 1426 1742 1545 1643 1531 1432 1646 1639 1317 1427 1538 1322 1321 1536 1217 1747 1326 787

Tree=0
num_leaves=13
num_cat=0
split_feature=10 10 10 10 10 10 10 10 10 19 19 19
split_gain=43.6933 77.5851 96.7485 95.1192 65.5572 62.1031 58.4858 36.4164 31.7701 9.25505 9.22683 4.13075
threshold=0.61363144105442236 0.077352682668810041 -0.095704417170885528 -0.71108916569644198 -0.74621945342151941 0.64619110424230641 1.2501977563384772 -1.2255271012153091 1.3308688868792957 0.43943416493632781 -0.59681348789985755 0.43943416493632781
decision_type=2 2 2 2 2 2 2 2 2 2 2 2
left_child=1 2 3 4 7 11 -7 -1 -8 -4 -6 -2
right_child=5 -3 9 -5 10 6 8 -9 -10 -11 -12 -13
leaf_value=-0.3932207883688224 -0.41206338420174121 -0.36954314501846236 -0.40509379806352802 -0.36909616322689182 -0.3972076575993071 -0.36782412414679871 -0.41582558141935949 -0.37168374287706329 -0.39050589396532287 -0.41813370158832563 -0.41186336331540996 -0.42257142663093311
leaf_weight=67.733075469732285 27.194741889834404 60.012481957674026 51.019492074847221 73.518354967236519 19.853958487510681 24.960745424032211 26.616386994719505 42.131831496953964 42.435679584741592 27.783454060554504 49.251625016331673 22.579990550875664
leaf_count=197 94 133 166 162 60 54 95 96 120 101 170 85
internal_value=-0.391747 -0.388587 -0.392043 -0.386538 -0.393707 -0.400341 -0.391636 -0.384966 -0.400258 -0.409664 -0.407611 -0.416786
internal_weight=535.092 391.304 331.292 252.489 178.97 143.788 94.0128 109.865 69.0521 78.8029 69.1056 49.7747
internal_count=1533 1085 952 685 523 448 269 293 215 267 230 179
is_linear=0
shrinkage=1


Tree=1
num_leaves=14
num_cat=0
split_feature=12 12 12 12 12 12 12 19 3 12 8 11 19
split_gain=53.9508 111.972 91.7438 77.4984 55.9781 58.2981 51.0351 17.2967 14.1038 12.0447 7.60019 6.87871 4.43997
threshold=-0.16278278210580868 -0.25569949887341331 -0.75395937461762297 0.36661382243086127 0.39415584577324497 0.87088760829746492 0.9733206658324598 0.43943416493632781 -0.4779326859552826 -0.7836758738014592 -0.48817551256927599 -0.61399989874556093 0.43943416493632781
decision_type=2 2 2 2 2 2 2 2 2 2 2 2 2
left_child=1 2 9 -2 -5 -6 -7 -3 -8 10 12 -12 -1
right_child=3 7 -4 4 5 6 8 -9 -10 -11 11 -13 -14
leaf_value=0.021898944978189474 0.037333242174010926 -0.0022742073613240955 0.035333422708191259 -0.0063105180809562246 0.039901350978613845 -0.0007983739431233456 0.016810497186634743 -0.019314173210578638 0.033379159786783907 -0.002220571385235091 0.012285989613216008 0.00027955657011943086 0.010898371921940412
leaf_weight=22.961048752069473 64.056218147277832 44.266746118664742 56.540993541479111 35.749043822288513 34.151335120201111 51.430622115731239 46.107216224074364 35.54777692258358 26.753832310438156 30.479474559426308 32.7135269343853 30.373791545629501 25.418989524245262
leaf_count=60 138 148 125 124 71 170 128 137 61 102 95 99 75
internal_value=0.0139629 0.00839135 0.0157235 0.0199668 0.0142333 0.0188782 0.0130874 -0.00983354 0.0228845 0.00790673 0.0106744 0.00651433 0.0161024
internal_weight=536.551 278.302 198.488 258.248 194.192 158.443 124.292 79.8145 72.861 141.947 111.467 63.0873 48.38
internal_count=1533 841 556 692 554 430 359 285 189 431 329 194 135
is_linear=0
shrinkage=0.0182498


Tree=2
num_leaves=14
num_cat=0
split_feature=18 18 18 18 18 18 18 18 18 18 18 19 19
split_gain=56.5869 64.5713 67.0238 68.0993 64.2465 58.5247 30.2708 43.942 22.7537 45.2842 31.0158 16.8888 7.42561
threshold=-0.87449136224945445 -0.41077831737311216 -0.38698740917641022 0.081854629746708443 0.11329744257535758 0.57784221621604204 0.61490612927703658 1.0614231819506064 -0.94833501437695966 -1.3688605431648388 -1.404403085694391 -1.119849066025745 0.43943416493632781
decision_type=2 2 2 2 2 2 2 2 2 2 2 2 2
left_child=8 -2 -3 -4 -5 -6 -7 -8 9 10 -1 -9 -10
right_child=1 2 3 4 5 6 7 11 12 -11 -12 -13 -14
leaf_value=0.011824031120717577 0.036253147832747898 -0.0064479944476497604 0.035415533022298634 -0.0044340680556270622 0.036174074728081755 2.9656036507952804e-05 0.034338594039266944 0.022409253954325803 -0.0013588937589345705 0.029181622978999067 -0.015377556944095845 0.0054063390001091666 -0.017575846110718548
leaf_weight=29.270892262458801 49.689844489097595 45.763302400708199 55.578845739364624 54.189039632678032 45.08624479174614 44.84542042016983 36.253964096307755 27.80782014131546 18.715521425008774 23.246209591627121 26.207649201154709 62.804159343242645 18.409724876284599
leaf_count=85 107 159 121 185 97 147 80 72 62 55 98 195 70
internal_value=0.0136737 0.0167739 0.0141683 0.0170644 0.0132938 0.017731 0.0128799 0.0174255 0.00239057 0.00792031 -0.00100642 0.0106493 -0.00935854
internal_weight=537.869 422.019 372.329 326.565 270.987 216.798 171.711 126.866 115.85 78.7248 55.4785 90.612 37.1252
internal_count=1533 1163 1056 897 776 591 494 347 370 238 183 267 132
is_linear=0
shrinkage=0.0182498


Tree=3
num_leaves=13
num_cat=0
split_feature=4 4 4 4 4 4 4 4 4 8 8 14
split_gain=42.1506 96.0272 84.9861 65.2318 38.2204 29.8862 27.8854 66.1612 56.5777 13.9704 9.95452 4.89942
threshold=0.29677492070556649 -0.19625448764502537 -0.33805314830568323 -0.92111075304805268 -0.9675659477183679 -1.3940607385098891 0.32670874006089917 0.90146859415021752 0.9620295288954781 1.0000000180025095e-35 0.41529193557390626 -0.26276777967785664
decision_type=2 2 2 2 2 2 2 2 2 2 2 2
left_child=1 2 3 4 5 -1 11 -8 -9 -4 -10 -2
right_child=6 -3 9 -5 -6 -7 7 8 10 -11 -12 -13
leaf_value=0.010430414702031845 0.0023364953492630331 0.035959688146599181 -0.012971207307466048 0.033843132465641572 0.00016406566223082871 0.034061091377105716 0.032394316387530396 -0.015948964889328395 0.0053565678590002551 0.0028473573002952093 0.018932486673359564 -0.0084047839504594775
leaf_weight=43.525823131203651 23.880225494503975 72.03974324464798 33.601041331887245 63.088425204157829 57.40267089009285 29.69436402618885 35.88763253390789 32.933390572667122 32.364475026726723 40.987658321857452 39.730964928865433 33.899822413921356
leaf_count=128 77 153 123 138 188 65 80 124 100 131 106 120
internal_value=0.0133945 0.017292 0.0122736 0.0186392 0.0112933 0.020007 0.00672065 0.0110889 0.00379394 -0.00424816 0.0128193 -0.00393486
internal_weight=539.036 340.34 268.3 193.711 130.623 73.2202 198.697 140.916 105.029 74.5887 72.0954 57.78
internal_count=1533 926 773 519 381 193 607 410 330 254 206 197
is_linear=0
shrinkage=0.0182498


Tree=4
num_leaves=14
num_cat=0
split_feature=4 4 4 4 4 4 4 4 4 11 11 11 13
split_gain=40.3955 91.6836 81.573 62.3038 36.6535 28.5428 26.8212 63.3309 54.5467 22.347 7.85367 5.96126 5.81855
threshold=0.29677492070556649 -0.19625448764502537 -0.33805314830568323 -0.92111075304805268 -0.9675659477183679 -1.3940607385098891 0.32670874006089917 0.90146859415021752 0.9620295288954781 1.0000000180025095e-35 0.080970170572697328 0.54285147167129943 0.22617128838592704
decision_type=2 2 2 2 2 2 2 2 2 2 2 2 2
left_child=1 2 3 4 5 -1 11 -8 -9 -10 -6 -2 -4
right_child=6 -3 12 -5 10 -7 7 8 9 -11 -12 -13 -14
leaf_value=0.010220318129833416 -0.0089340356488678222 0.035120026339201943 -0.00731838416140153 0.033061718094456592 -0.0053843796446041902 0.033271298803872154 0.031653887306113924 -0.015712731474085289 0.021733730571851465 0.0014251898439248086 0.0083126725726223993 0.0028673059700436063 0.0040800441852998975
leaf_weight=43.608561739325523 33.086242720484734 72.41417396068573 54.240921765565872 63.400013118982315 34.312243610620499 29.846278056502342 36.058259800076485 32.822879910469055 39.688444003462791 32.56649449467659 23.092304557561874 24.646128252148628 20.282471120357513
leaf_count=128 118 153 190 138 118 65 80 124 102 104 70 79 64
internal_value=0.0131244 0.0169332 0.0120275 0.0182468 0.0110666 0.0195786 0.00659186 0.010869 0.00372209 0.0125572 0.000160483 -0.00386613 -0.00417441
internal_weight=540.065 341.197 268.783 194.259 130.859 73.4548 198.868 141.136 105.078 72.2549 57.4045 57.7324 74.5234
internal_count=1533 926 773 519 381 193 607 410 330 206 188 197 254
is_linear=0
shrinkage=0.0182498


Tree=5
num_leaves=15
num_cat=0
split_feature=18 18 18 18 18 18 18 18 18 18 18 14 19 4
split_gain=52.2226 57.2553 60.965 60.1491 58.1762 51.7462 26.8585 38.4559 20.5487 40.8747 28.4333 17.9773 7.23825 4.84165
threshold=-0.87449136224945445 -0.41077831737311216 -0.38698740917641022 0.081854629746708443 0.11329744257535758 0.57784221621604204 0.61490612927703658 1.0614231819506064 -0.94833501437695966 -1.3688605431648388 -1.404403085694391 0.82595451657419694 0.43943416493632781 0.29677492070556649
decision_type=2 2 2 2 2 2 2 2 2 2 2 2 2 2
left_child=8 -2 13 -4 -5 -6 -7 -8 9 10 -1 -9 -10 -3
right_child=1 2 3 4 5 6 7 11 12 -11 -12 -13 -14 -15
leaf_value=0.010958874185447522 0.034034539937624883 -0.0010777654940479064 0.03323077254100907 -0.00432709851698263 0.033970932515346282 7.6489070435269005e-05 0.032141090096653759 0.017616235466361492 -0.0012639006157725279 0.027299717233682543 -0.015073656773222217 0.0014044901918311896 -0.017297094289682111 -0.012962930092083795
leaf_weight=29.474644765257835 50.384397685527802 25.303068116307259 56.346961095929146 54.112105324864388 45.707363858819008 44.816472619771957 36.760284677147865 48.768694013357162 18.694185465574265 23.543726399540901 26.091509476304054 42.230357199907303 18.329675704240799 20.38008776307106
leaf_count=85 107 84 121 185 97 147 80 132 62 55 98 135 70 75
internal_value=0.0128636 0.0158273 0.0133717 0.0161145 0.0125674 0.0167616 0.0121959 0.0164506 0.00203282 0.00726122 -0.00124645 0.0101032 -0.0091612 -0.00631903
internal_weight=540.944 424.81 374.425 328.742 272.395 218.283 172.576 127.759 116.134 79.1099 55.5662 90.9991 37.0239 45.6832
internal_count=1533 1163 1056 897 776 591 494 347 370 238 183 267 132 159
is_linear=0
shrinkage=0.0182498


Tree=6
num_leaves=14
num_cat=0
split_feature=17 17 17 17 17 17 17 17 17 1 1 1 7
split_gain=30.0418 56.9988 49.3754 80.7556 45.3323 41.4775 59.9272 45.5148 34.615 9.86883 9.2615 5.11198 5.05185
threshold=0.44480417467383543 -0.14488604308417602 -0.21852735885043917 -0.7861163678371873 -0.8296136620689657 0.47505837172562465 1.0559698042648218 1.1279805223749795 -1.2851894261226733 -0.25604943895051463 0.083817850819658077 0.63359326164336938 0.25914607255966554
decision_type=2 2 2 2 2 2 2 2 2 2 2 2 2
left_child=1 2 3 4 8 -2 -7 -8 12 -6 -9 -4 -1
right_child=5 -3 11 -5 9 6 7 10 -10 -11 -12 -13 -14
leaf_value=0.013050303003655724 -0.0071361822391309811 0.030619357880627491 -0.0046955635504227376 0.034375869646354758 -0.01084339808437558 0.032767254034876597 -0.012564381968780113 0.020982538071477957 0.030705972068396904 0.0036765444022645952 0.0064130396288213506 0.0053932649867604841 0.0023991707430915587
leaf_weight=36.818597108125687 52.428449615836143 68.166333943605423 45.736763685941696 60.28168135881424 26.238156601786613 33.940161123871803 33.063767224550247 30.945834696292877 39.200031042098999 37.607207283377647 26.829149186611176 26.022918328642845 24.420408800244331
leaf_count=104 184 150 157 126 95 73 121 79 86 119 81 81 77
internal_value=0.012611 0.0156064 0.0121481 0.0163545 0.00973456 0.00645259 0.0121638 0.00445263 0.0173599 -0.00226793 0.0141881 -0.00100401 0.00882232
internal_weight=541.699 364.492 296.326 224.566 164.284 177.207 124.779 90.8388 100.439 63.8454 57.775 71.7597 61.239
internal_count=1533 995 845 607 481 538 354 281 267 214 160 238 181
is_linear=0
shrinkage=0.0182498


Tree=7
num_leaves=13
num_cat=0
split_feature=18 18 18 18 18 18 18 18 6 19 18 10
split_gain=49.2958 52.7811 56.7778 55.4929 54.3483 48.0648 24.8474 35.4696 19.5143 15.2761 11.3153 8.86018
threshold=-0.87449136224945445 -0.41077831737311216 -0.38698740917641022 0.081854629746708443 0.11329744257535758 0.57784221621604204 0.61490612927703658 1.0614231819506064 1.1314233433676484 -1.119849066025745 -1.3688605431648388 -0.095704417170885528
decision_type=2 2 2 2 2 2 2 2 2 2 2 2
left_child=8 -2 -3 -4 -5 -6 -7 -8 10 -9 -1 -12
right_child=1 2 3 4 5 6 7 9 -10 -11 11 -13
leaf_value=-0.010772203066127771 0.032655492823678488 -0.0061499129173030126 0.031894329355170316 -0.0042384918819081312 0.032671328613632665 8.1686923307920331e-05 0.030835813393361795 0.02084196863321781 0.013414115342121375 0.0047453872476380613 0.010603718085129185 -0.0051535009796201065
leaf_weight=35.214982867240906 50.731629759073257 45.585687190294266 56.725143581628799 54.053484633564949 46.00189420580864 44.812529593706131 37.001092553138733 28.117703676223755 33.987044662237167 63.136816263198853 23.962553858757019 23.038986325263977
leaf_count=126 107 159 121 185 97 147 80 72 96 195 69 79
internal_value=0.0123652 0.0152372 0.0128783 0.0155144 0.0121063 0.0161453 0.011745 0.0158234 0.00184258 0.0097279 -0.00297158 0.00286439
internal_weight=542.37 426.166 375.434 329.849 273.124 219.07 173.068 128.256 116.204 91.2545 82.2165 47.0015
internal_count=1533 1163 1056 897 776 591 494 347 370 267 274 148
is_linear=0
shrinkage=0.0182498


Tree=8
num_leaves=16
num_cat=0
split_feature=1 1 1 1 1 1 1 1 1 1 1 7 16 14 11
split_gain=21.4675 75.3768 46.7433 63.7862 36.8834 66.318 31.1219 29.5562 22.3112 27.4743 29.6151 9.03575 8.13426 7.37205 4.62592
threshold=-0.44663930519482337 0.083817850819658077 -0.50537108130784081 -1.0121650600277829 0.11103308153284513 0.58210830879964603 -1.052823385766231 -1.4020663522496866 0.68865405397774004 1.1086843707328151 1.257133246084017 0.25914607255966554 0.023864804063731697 -0.26276777967785664 -0.61399989874556093
decision_type=2 2 2 2 2 2 2 2 2 2 2 2 2 2 2
left_child=2 -2 3 6 11 -6 7 14 12 -10 -11 -3 -7 -4 -1
right_child=1 4 13 -5 5 8 -8 -9 9 10 -12 -13 -14 -15 -16
leaf_value=0.0093119380949597628 0.031791066921346499 0.0034494019206280438 0.0018381916896527547 0.030751528163255354 0.033213566374328415 -0.0077294448206539322 -0.0082050957386973558 0.029136156903798425 0.0308377039548474 -0.004557020220521393 0.017318086657435405 -0.011278891856348099 0.0069624741844508233 -0.011556720863884063 -0.0021856189729272672
leaf_weight=24.701633095741272 70.071662604808807 34.550322249531746 21.854971513152122 45.984531477093697 46.612466663122177 29.12269090116024 37.611312851309776 23.044683679938316 22.891820132732391 34.450334817171097 50.369854509830475 22.805055975914001 21.645178183913231 35.661533340811729 21.564400255680084
leaf_count=72 148 110 71 99 97 102 134 51 49 117 133 83 66 130 71
internal_value=0.0121266 0.015012 0.00756813 0.0128351 0.0105263 0.0141389 0.00512131 0.0123482 0.00851908 0.013208 0.00843493 -0.00237874 -0.00143121 -0.0064241 0.00398049
internal_weight=542.942 332.519 210.423 152.907 262.448 205.092 106.922 69.3107 158.48 107.712 84.8202 57.3554 50.7679 57.5165 46.266
internal_count=1533 905 628 427 757 564 328 194 467 299 250 193 168 201 143
is_linear=0
shrinkage=0.0182498


Tree=9
num_leaves=14
num_cat=0
split_feature=12 12 12 12 12 12 12 19 12 0 15 9 15
split_gain=45.2816 88.7387 69.3773 56.2574 45.0934 43.728 40.0356 15.8731 7.9523 5.9622 7.03734 5.54188 4.76237
threshold=-0.16278278210580868 -0.25569949887341331 -0.75395937461762297 0.36661382243086127 0.39415584577324497 0.87088760829746492 0.9733206658324598 0.43943416493632781 -0.7836758738014592 0.49288231235624552 0.29233002767544619 -0.3945512316096989 -0.65576966708980455
decision_type=2 2 2 2 2 2 2 2 2 2 2 2 2
left_child=1 2 8 -2 -5 -6 -7 -3 9 10 12 -8 -1
right_child=3 7 -4 4 5 6 11 -9 -10 -11 -12 -13 -14
leaf_value=0.0090585002887347103 0.031887978723083278 -0.0022781839132172983 0.029991903649966022 -0.0060505789178444784 0.034465104319096253 -0.00081462353938334408 0.016454328243870886 -0.018651958180789321 -0.0018403546939842715 0.00059116436874335164 0.0030444096232165067 0.026852886422095979 0.019101842506801005
leaf_weight=30.524030640721321 66.000919789075851 44.235070154070854 58.244755908846855 35.620808571577072 35.185382813215256 51.399868085980415 48.187769487500191 35.177921578288078 30.330956652760506 23.861975163221359 26.836922913789749 25.988403230905533 31.76327084004879
leaf_count=89 138 148 125 124 71 170 129 137 102 75 83 60 82
internal_value=0.0118962 0.00680789 0.013238 0.0173448 0.0124531 0.0165615 0.0115338 -0.00950439 0.00642454 0.0086415 0.0108099 0.0200874 0.0141714
internal_weight=543.358 280.975 201.562 262.383 196.382 160.761 125.576 79.413 143.317 112.986 89.1242 74.1762 62.2873
internal_count=1533 841 556 692 554 430 359 285 431 329 254 189 171
is_linear=0
shrinkage=0.0182498


Tree=10
num_leaves=17
num_cat=0
split_feature=18 18 18 18 18 18 18 18 18 18 18 19 9 19 11 16
split_gain=45.3196 47.5769 51.3305 49.762 39.96 42.8981 22.2581 31.8579 18.1867 35.2239 25.5994 14.1454 7.86472 7.00379 6.44595 5.38504
threshold=-0.87449136224945445 -0.41077831737311216 -0.38698740917641022 0.01817539622676698 0.11329744257535758 0.57784221621604204 0.61490612927703658 1.0614231819506064 -0.94833501437695966 -1.3688605431648388 -1.404403085694391 -1.119849066025745 -0.3945512316096989 0.43943416493632781 0.54285147167129943 0.3737380734048848
decision_type=2 2 2 2 2 2 2 2 2 2 2 2 2 2 2 2
left_child=8 -2 15 -4 12 -6 14 -8 9 10 -1 -9 -5 -10 -7 -3
right_child=1 2 3 4 5 6 7 11 13 -11 -12 -13 -14 -15 -16 -17
leaf_value=0.010063203379660055 0.030901645982782711 -0.00074534160442309128 0.031243070602915677 -0.0087735936980932808 0.030824857359308868 -0.0074562372956488354 0.029136860358493572 0.019842486875038309 -0.0012094846247043419 0.024944305797879793 -0.014647483571102822 0.0043902270752807582 0.0044242948579177399 -0.017004607080047706 0.0063531579641425331 -0.013420653197425919
leaf_weight=29.645763292908669 51.039874374866486 26.617442414164543 50.787794515490532 27.058024868369102 46.294142067432404 20.511353522539139 37.221776500344276 28.283567950129509 18.679518654942513 23.820278391242027 25.920190021395683 63.287980273365974 33.178825482726097 18.234870478510857 24.30114421248436 18.844513297080994
leaf_count=85 107 89 106 96 97 72 80 72 62 55 98 195 104 70 75 70
internal_value=0.0116708 0.0144182 0.012178 0.0146738 0.0116634 0.0152666 0.0111106 0.0149567 0.00158355 0.00648288 -0.00144725 0.00918468 -0.00147411 -0.00897355 6.66067e-05 -0.00594605
internal_weight=543.727 427.426 376.387 330.925 280.137 219.9 173.606 128.793 116.301 79.3862 55.566 91.5715 60.2369 36.9144 44.8125 45.462
internal_count=1533 1163 1056 897 791 591 494 347 370 238 183 267 200 132 147 159
is_linear=0
shrinkage=0.0182498


Tree=11
num_leaves=14
num_cat=0
split_feature=18 18 18 18 18 18 17 6 18 18 1 1 1
split_gain=43.5947 45.7469 49.4053 48.0768 47.363 41.2784 27.2228 18.3261 15.5673 14.808 10.9476 8.47188 4.52376
threshold=-0.87449136224945445 -0.41077831737311216 -0.38698740917641022 0.081854629746708443 0.11329744257535758 0.57784221621604204 0.44480417467383543 1.1314233433676484 0.61490612927703658 1.0614231819506064 -1.0121650600277829 1.1086843707328151 -1.1934149286668083
decision_type=2 2 2 2 2 2 2 2 2 2 2 2 2
left_child=7 -2 -3 -4 -5 -6 8 10 -7 -10 12 -8 -1
right_child=1 2 3 4 5 6 11 -9 9 -11 -12 -13 -14
leaf_value=-0.016165027510970091 0.030298383906168389 -0.0058455432380531795 0.02957960813019055 -0.0040641685558716499 0.030224941253956118 0.0038951893818181538 0.0071274136447580178 0.012743092560126967 0.028808335549738908 0.013770583952236822 0.0039616404043952133 -0.0086080562485179521 -0.0043583118412815237
leaf_weight=18.543963313102722 51.107696160674095 45.402341932058334 57.145667523145676 53.92702554166317 46.352327838540077 30.667729899287224 21.0694340467453 34.104675278067589 32.257182776927948 65.587742388248444 38.383129701018333 24.184386819601059 25.191838517785072
leaf_count=69 107 159 121 185 97 97 63 96 69 181 119 84 86
internal_value=0.0114539 0.0141462 0.0119493 0.0143946 0.0112225 0.0149732 0.0108979 0.00155582 0.0151754 0.0187307 -0.0031197 -0.00123808 -0.00935084
internal_weight=543.925 427.702 376.594 331.191 274.046 220.119 173.766 116.224 128.513 97.8449 82.1189 45.2538 43.7358
internal_count=1533 1163 1056 897 776 591 494 370 347 250 274 147 155
is_linear=0
shrinkage=0.0182498


Tree=12
num_leaves=13
num_cat=0
split_feature=12 12 12 12 12 12 12 19 14 14 19 9
split_gain=41.909 81.4306 63.0198 50.6634 41.5537 39.9049 36.7368 15.1812 11.9268 12.1807 7.90552 5.09277
threshold=-0.16278278210580868 -0.25569949887341331 -0.75395937461762297 0.36661382243086127 0.39415584577324497 0.87088760829746492 0.9733206658324598 0.43943416493632781 -0.17235712472469367 0.82595451657419694 0.17005024216821346 -0.3945512316096989
decision_type=2 2 2 2 2 2 2 2 2 2 2 2
left_child=1 2 8 -2 -5 -6 -7 -3 10 -10 -1 -8
right_child=3 7 -4 4 5 6 11 -9 9 -11 -12 -13
leaf_value=-0.0086438501149362149 0.030248969138570666 -0.0022571965395862302 0.028423212087352448 -0.0059446427317344517 0.032834896945638715 -0.00086998123587648797 0.015658240494481605 -0.018299259882787668 0.01869812041412473 0.0042328202540772662 0.0047105112283954038 0.025606360329205102
leaf_weight=21.823900043964386 66.230681881308556 44.209584176540375 58.444066897034645 35.568252697587013 35.31286159157753 51.409663319587708 48.370386645197868 34.965374365448952 35.391999021172523 42.117977932095528 44.182408452033997 26.097849681973457
leaf_count=75 138 148 125 124 71 170 129 137 91 129 136 60
internal_value=0.0112407 0.00634475 0.0124873 0.0164742 0.0118339 0.0157658 0.0109664 -0.00931577 0.00599334 0.010832 0.000297756 0.019135
internal_weight=544.125 281.135 201.96 262.99 196.759 161.191 125.878 79.175 143.516 77.51 66.0063 74.4682
internal_count=1533 841 556 692 554 430 359 285 431 220 211 189
is_linear=0
shrinkage=0.0182498


Tree=13
num_leaves=13
num_cat=0
split_feature=12 12 12 12 12 12 12 14 14 3 17 8
split_gain=40.3262 78.4677 60.7198 48.8107 39.9969 38.4594 35.3121 11.4735 11.7017 10.8196 4.39401 4.1698
threshold=-0.16278278210580868 -0.25569949887341331 -0.75395937461762297 0.36661382243086127 0.39415584577324497 0.87088760829746492 0.9733206658324598 -0.17235712472469367 0.82595451657419694 -0.4779326859552826 0.44480417467383543 -0.54032907358231397
decision_type=2 2 2 2 2 2 2 2 2 2 2 2
left_child=1 2 7 -2 -5 -6 -7 11 -9 -8 -3 -1
right_child=3 10 -4 4 5 6 9 8 -10 -11 -12 -13
leaf_value=0.0047221169664337015 0.029682456464157018 -0.0053870980279793973 0.027889784662458197 -0.0058443447984598837 0.03221642190732929 -0.0008546995253445902 0.013474628238710045 0.018320864425139801 0.0041524897728369278 0.027803012034429187 -0.014029712043384485 -0.0044169994032095868
leaf_weight=33.922308698296547 66.26445572078228 44.21043349802494 58.476220741868019 35.523311242461205 35.335272073745728 51.400789350271225 47.085702493786812 35.462227523326874 42.144394248723984 27.515376850962639 34.789698481559753 32.08971443772316
leaf_count=103 138 154 125 124 71 170 128 91 129 61 131 108
internal_value=0.0110335 0.00622979 0.0122513 0.0161651 0.0116116 0.0154641 0.0107553 0.0058796 0.010621 0.0187523 -0.00916629 0.00029205
internal_weight=544.22 281.095 202.095 263.125 196.86 161.337 126.002 143.619 77.6066 74.6011 79.0001 66.012
internal_count=1533 841 556 692 554 430 359 431 220 189 285 211
is_linear=0
shrinkage=0.0182498


Tree=14
num_leaves=15
num_cat=0
split_feature=18 18 18 18 18 18 17 18 18 18 18 18 16 14
split_gain=40.327 41.8986 45.0594 43.809 43.0432 37.4519 25.1771 16.9236 32.1424 24.218 14.0949 13.3577 5.24512 4.41397
threshold=-0.87449136224945445 -0.41077831737311216 -0.38698740917641022 0.081854629746708443 0.11329744257535758 0.57784221621604204 0.44480417467383543 -0.94833501437695966 -1.3688605431648388 -1.404403085694391 0.61490612927703658 1.0614231819506064 0.3737380734048848 0.34276109523837356
decision_type=2 2 2 2 2 2 2 2 2 2 2 2 2 2
left_child=7 -2 12 -4 -5 -6 10 8 9 -1 -7 -12 -3 -8
right_child=1 2 3 4 5 6 13 -9 -10 -11 11 -13 -14 -15
leaf_value=0.0096138809131526958 0.028870689878830461 -0.00055984733238910206 0.028137047325969035 -0.0039652002582080837 0.028714013271418974 0.0036924425211075636 0.00423135668459704 -0.008883544269747648 0.023627336989718181 -0.014434407606956509 0.027365559648402999 0.013096083850647821 -0.013094395081692045 -0.0071039766350866678
leaf_weight=29.70204322040081 51.155948832631111 26.551861330866814 57.205620288848877 53.844561919569969 46.391104534268379 30.719515234231949 22.737414017319679 36.841846793889999 23.906439080834389 25.822691589593887 32.29100888967514 65.808148115873337 18.749175012111664 22.489388555288315
leaf_count=85 107 89 121 185 97 97 70 132 55 98 69 181 70 77
internal_value=0.0108322 0.0134208 0.0113185 0.0136496 0.0106225 0.0141913 0.0103138 0.00131433 0.00603516 -0.00155446 0.014418 0.0177955 -0.00569743 -0.0013653
internal_weight=544.217 427.944 376.788 331.487 274.281 220.437 174.045 116.273 79.4312 55.5247 128.819 98.0992 45.301 45.2268
internal_count=1533 1163 1056 897 776 591 494 370 238 183 347 250 159 147
is_linear=0
shrinkage=0.0182498


Tree=15
num_leaves=14
num_cat=0
split_feature=4 4 4 4 4 20 20 4 20 20 19 5 9
split_gain=30.9582 65.4665 61.4991 42.3589 25.5658 21.8126 25.8819 19.8896 12.6382 8.06043 13.1916 7.32534 5.42499
threshold=0.29677492070556649 -0.19625448764502537 -0.33805314830568323 -0.92111075304805268 -0.9675659477183679 1.177402732038815 -0.70119667397228391 -1.3940607385098891 -0.74825503252315706 0.55737123346841166 0.43943416493632781 0.15978551881208675 0.23826660360862481
decision_type=2 2 2 2 2 2 2 2 2 2 2 2 2
left_child=1 2 3 4 7 6 8 -1 -2 10 -8 -6 -4
right_child=5 -3 12 -5 11 -7 9 -9 -10 -11 -12 -13 -14
leaf_value=0.0084680279824252726 0.0068193785531157937 0.02917499263530831 -0.0079318160075642387 0.027241384548276536 -0.0079448496304581357 -0.0090344419241354217 0.022093970258866617 0.027567014393893613 -0.010202111221928406 0.0057985544353304141 0.0061411772298412695 0.0053254589265958347 0.0023522114688553568
leaf_weight=44.00235989689827 26.672335594892502 73.643521413207054 48.348487436771393 64.533361941576004 22.686465308070183 31.190583512187004 46.324800252914429 30.420169562101364 31.272008016705513 37.158213391900063 27.058482021093369 34.670175537467003 26.088972136378288
leaf_count=128 79 153 170 138 80 109 112 65 113 113 81 108 84
internal_value=0.0106375 0.0139508 0.00980498 0.0151542 0.00923343 0.00492473 0.00751335 0.0162684 -0.00233803 0.0126874 0.0161935 9.36675e-05 -0.00429332
internal_weight=544.07 344.394 270.75 196.313 131.779 199.676 168.486 74.4225 57.9443 110.541 73.3833 57.3566 74.4375
internal_count=1533 926 773 519 381 607 498 193 192 306 193 188 254
is_linear=0
shrinkage=0.0182498


Tree=16
num_leaves=15
num_cat=0
split_feature=4 4 4 4 4 4 10 10 10 10 9 11 9 11
split_gain=29.8713 63.1668 59.2536 40.8825 24.6181 19.2072 19.069 38.0181 26.2966 22.0711 7.6167 6.95821 5.24 4.17486
threshold=0.29677492070556649 -0.19625448764502537 -0.33805314830568323 -0.92111075304805268 -0.9675659477183679 -1.3940607385098891 0.64619110424230641 1.2501977563384772 0.61363144105442236 1.3308688868792957 0.035258913536769514 0.080970170572697328 0.23826660360862481 1.0000000180025095e-35
decision_type=2 2 2 2 2 2 2 2 2 2 2 2 2 2
left_child=1 2 3 4 5 -1 8 -8 10 -9 -2 -6 -4 -10
right_child=6 -3 12 -5 11 -7 7 9 13 -11 -12 -13 -14 -15
leaf_value=0.0083035956829366625 0.013830767852492062 0.02865888898109277 -0.0077996963239687399 0.026754378048072229 -0.0051457828847023667 0.027068461518816891 0.029447049455951595 -0.0093941389596728115 -0.0036844107905478398 0.011678196086358479 8.7134444296640761e-05 0.0077431162736917762 0.002308755379364483 -0.014498918890689484
leaf_weight=44.051611706614494 32.050760924816132 73.603441670536995 48.271929800510406 64.51039719581604 34.180046781897545 30.416298106312752 25.961828783154488 26.395452961325645 19.376000493764877 43.3248360902071 22.661387801170349 23.174933671951294 26.10116571187973 29.936841815710068
leaf_count=128 87 153 170 138 118 65 54 95 67 120 72 70 84 112
internal_value=0.0104444 0.0136998 0.00962773 0.0148762 0.00906189 0.0159619 0.00483363 0.0107005 -0.000571648 0.00370487 0.00811066 9.17475e-05 -0.00421862 -0.0102177
internal_weight=544.017 344.31 270.706 196.333 131.823 74.4679 199.707 95.6821 104.025 69.7203 54.7121 57.355 74.3731 49.3128
internal_count=1533 926 773 519 381 193 607 269 338 215 159 188 254 179
is_linear=0
shrinkage=0.0182498


Tree=17
num_leaves=13
num_cat=0
split_feature=20 20 20 20 20 20 20 0 10 2 10 0
split_gain=29.1578 35.9366 57.4213 40.5829 55.8753 54.5765 60.776 16.6639 12.7479 12.1568 4.98351 4.25205
threshold=1.177402732038815 -0.70119667397228391 -0.74825503252315706 -0.089135180160350949 -0.054942620885672068 0.55737123346841166 0.59880424611607019 -1.1276391185000267 -0.095704417170885528 -0.19617398551119922 -0.095704417170885528 0.49288231235624552
decision_type=2 2 2 2 2 2 2 2 2 2 2 2
left_child=1 2 7 -3 11 -6 -7 -1 -4 -2 -9 -5
right_child=9 3 8 4 5 6 -8 10 -10 -11 -12 -13
leaf_value=0.0057591861154026053 0.0053267322828003203 0.028042949703195565 0.0017938810418060744 -0.0040680060067980377 0.029737447442723549 -0.0043812554233239633 0.026069310813049244 0.026268412029457337 -0.013498840109304799 -0.010549999388199343 0.015507576804183498 0.0052485144813539941
leaf_weight=43.591357335448265 39.356000185012817 67.710931569337845 31.330449089407921 50.352135449647903 72.883507132530212 51.427878350019455 37.467041626572609 27.528019860386848 42.451777845621109 26.740047484636307 29.135920792818069 23.815686926245689
leaf_count=128 117 142 101 172 149 177 81 61 158 96 77 74
internal_value=0.0102583 0.0118297 0.0052243 0.0156177 0.0120481 0.0180529 0.00847967 0.0141982 -0.00697709 -0.0010758 0.0207176 -0.00104322
internal_weight=543.791 477.695 174.038 303.657 235.946 161.778 88.8949 100.255 73.7822 66.096 56.6639 74.1678
internal_count=1533 1320 525 795 653 407 258 266 259 213 138 246
is_linear=0
shrinkage=0.0182498


Tree=18
num_leaves=13
num_cat=0
split_feature=12 12 12 12 12 12 12 19 17 5 1 17
split_gain=37.0992 68.6814 52.8928 41.5091 35.661 33.3025 31.1108 14.486 8.04416 5.1794 4.69176 4.08495
threshold=-0.16278278210580868 -0.25569949887341331 -0.75395937461762297 0.36661382243086127 0.39415584577324497 0.87088760829746492 0.9733206658324598 0.43943416493632781 0.47505837172562465 0.24483443011357797 -0.25604943895051463 0.066985883712883665
decision_type=2 2 2 2 2 2 2 2 2 2 2 2
left_child=1 2 8 -2 -5 -6 -7 11 10 -8 -1 -3
right_child=3 7 -4 4 5 6 9 -9 -10 -11 -12 -13
leaf_value=-0.001427289210591997 0.027493469203053535 0.0028965968941269053 0.025717329296202678 -0.0056989370349329336 0.030058970352294313 -0.00084187575952939539 0.024090404843140362 -0.017797655258991331 0.010792967531714598 0.014066887738880669 0.0070623149757922353 -0.0082155490565700134
leaf_weight=55.736563831567764 66.040427908301353 24.441058650612831 58.316087290644646 35.441390052437782 35.229583486914635 51.344980493187904 26.115770280361176 34.639656275510788 52.887328818440437 48.565619572997093 35.093978017568588 19.628835573792458
leaf_count=180 138 78 125 124 71 170 60 137 148 129 103 70
internal_value=0.0100769 0.0054668 0.0110943 0.0150028 0.0108061 0.014442 0.0100662 -0.00897071 0.00515671 0.0175636 0.00186085 -0.00207521
internal_weight=543.481 280.744 202.034 262.738 196.697 161.256 126.026 78.7096 143.718 74.6814 90.8305 44.0699
internal_count=1533 841 556 692 554 430 359 285 431 189 283 148
is_linear=0
shrinkage=0.0182498


Tree=19
num_leaves=16
num_cat=0
split_feature=18 18 18 18 18 18 14 10 18 18 18 18 1 16 7
split_gain=35.9645 36.7817 39.1948 38.6387 30.796 32.3913 17.0664 15.9806 14.972 28.4854 21.7483 7.93311 6.18682 5.07528 4.59234
threshold=-0.87449136224945445 -0.41077831737311216 -0.38698740917641022 0.01817539622676698 0.11329744257535758 0.57784221621604204 0.34276109523837356 -0.095704417170885528 -0.94833501437695966 -1.3688605431648388 -1.404403085694391 0.61490612927703658 0.99998598603873279 0.3737380734048848 -0.40221473741254471
decision_type=2 2 2 2 2 2 2 2 2 2 2 2 2 2 2
left_child=8 -2 13 -4 -5 -6 11 -8 9 10 -1 -7 -13 -3 -10
right_child=1 2 3 4 5 6 7 -9 14 -11 -12 12 -14 -15 -16
leaf_value=0.0087306519437998116 0.026856377836051496 -0.00046059681264429758 0.027169560968980093 -0.0016523684902448 0.026606511495028299 0.0068317008949638569 0.010726933600472206 -0.0051419301149345596 -0.015048169940696595 0.021888170391604452 -0.014082743271479549 0.02363385287622935 0.012080871831528719 -0.01281192759615556 -0.0022242900087716053
leaf_weight=29.780799865722656 50.933815211057663 26.50853468477726 50.686454907059669 60.056824013590813 46.153901293873787 27.065315410494804 46.728418961167336 38.107813626527786 18.665815517306328 23.933898776769638 25.661303967237473 35.202943086624146 26.93173012137413 18.660049676895142 18.059201747179031
leaf_count=85 107 89 106 200 97 83 129 128 71 55 98 81 73 70 61
internal_value=0.00989944 0.0123472 0.0103779 0.0125526 0.00990307 0.0130588 0.00945979 0.00360674 0.000904979 0.00534306 -0.0018137 0.0150199 0.0186121 -0.0055166 -0.00870586
internal_weight=543.137 427.036 376.102 330.933 280.247 220.19 174.036 84.8362 116.101 79.376 55.4421 89.2 62.1347 45.1686 36.725
internal_count=1533 1163 1056 897 791 591 494 257 370 238 183 237 154 159 132
is_linear=0
shrinkage=0.0182498


Tree=20
num_leaves=15
num_cat=0
split_feature=20 20 20 20 20 20 20 15 20 10 17 17 10 11
split_gain=27.5111 33.3673 53.0529 37.2021 51.1955 50.3849 55.5798 18.362 14.7591 12.2566 11.7794 11.4152 6.84944 5.55931
threshold=1.177402732038815 -0.70119667397228391 -0.74825503252315706 -0.089135180160350949 -0.054942620885672068 0.55737123346841166 0.59880424611607019 -0.20677995093995935 -1.2385043868256729 -0.095704417170885528 0.44480417467383543 -0.21852735885043917 0.61363144105442236 0.54285147167129943
decision_type=2 2 2 2 2 2 2 2 2 2 2 2 2 2
left_child=1 2 8 -3 7 -6 13 -5 10 -4 -1 -9 -2 -7
right_child=12 3 9 4 5 6 -8 11 -10 -11 -12 -13 -14 -15
leaf_value=0.014307751437758257 0.0028144668171905104 0.026831414171257111 0.0017352166647417763 -0.014736394588453734 0.028504754161788368 -0.0093024975888508984 0.024898208960457302 0.014354090421066003 0.024374194310656849 -0.013272142782495194 -0.0013396917851572635 -0.002803644006073404 -0.0096073547969531391 0.0028378847200707714
leaf_weight=47.091620802879333 44.106365069746971 67.46699383854866 31.335324332118034 22.517342790961266 72.604686036705971 30.182483658194542 37.348065093159676 23.257535323500633 29.235675916075706 42.282831996679306 23.905593231320381 28.336779460310936 21.902289927005768 21.140019163489342
leaf_count=125 135 142 101 84 149 109 81 66 64 158 77 96 78 68
internal_value=0.00972658 0.0112551 0.00488859 0.0149118 0.0114918 0.0172532 0.0080465 -0.00103972 0.0135104 -0.00685744 0.00903918 0.00492009 -0.00128944 -0.00426097
internal_weight=542.714 476.705 173.851 302.854 235.387 161.275 88.6706 74.1117 100.233 73.6182 70.9972 51.5943 66.0087 51.3225
internal_count=1533 1320 525 795 653 407 258 246 266 259 202 162 213 177
is_linear=0
shrinkage=0.0182498


Tree=21
num_leaves=14
num_cat=0
split_feature=4 4 4 4 4 0 4 10 10 10 0 17 4
split_gain=26.3308 55.5426 51.7073 35.5694 21.1532 17.6211 16.9836 13.8546 23.9808 18.0119 10.8698 9.54573 4.22004
threshold=0.29677492070556649 -0.19625448764502537 -0.33805314830568323 -0.92111075304805268 -0.9675659477183679 -0.60218614167497464 -1.3940607385098891 0.64619110424230641 1.2501977563384772 0.61363144105442236 -0.22836217016246194 0.44480417467383543 0.90146859415021752
decision_type=2 2 2 2 2 2 2 2 2 2 2 2 2
left_child=1 2 3 4 6 12 -1 9 -9 -7 -4 -10 -2
right_child=5 -3 10 -5 -6 7 -8 8 11 -11 -12 -13 -14
leaf_value=0.0075197736993117869 -0.00067747225083034655 0.026706196953823366 -0.013678864567496566 0.024837247620204159 -1.3117331832418209e-05 0.0095274020632634716 0.025184542323166713 0.027787276036940742 0.01227474879041061 -0.0094406688755253373 0.00092136574871815643 -0.0030377097509251701 -0.011273341183677952
leaf_weight=44.131699502468109 31.274917870759964 73.069999501109123 25.842228889465332 64.112704947590828 57.364406555891037 38.697868496179581 30.265021279454231 24.029164180159569 33.153374150395393 28.862161487340927 48.346793636679649 22.517400681972504 20.50449575483799
leaf_count=128 102 153 96 138 188 109 65 50 92 105 158 74 75
internal_value=0.00955888 0.0126206 0.00880499 0.0137134 0.00829913 0.00428237 0.0147002 0.00749506 0.0126423 0.00143166 -0.00414592 0.00609394 -0.00485323
internal_weight=542.172 343.133 270.063 195.874 131.761 199.039 74.3967 147.26 79.6999 67.56 74.189 55.6708 51.7794
internal_count=1533 926 773 519 381 607 193 430 216 214 254 166 177
is_linear=0
shrinkage=0.0182498


Tree=22
num_leaves=15
num_cat=0
split_feature=20 20 20 20 20 20 20 19 20 10 17 19 17 5
split_gain=26.4256 31.5386 50.0231 35.1617 48.1266 47.9771 52.3558 13.9932 13.8374 11.7485 11.116 9.28936 9.24897 6.36328
threshold=1.177402732038815 -0.70119667397228391 -0.74825503252315706 -0.089135180160350949 -0.054942620885672068 0.55737123346841166 0.59880424611607019 -0.090716122193164786 -1.2385043868256729 -0.095704417170885528 0.44480417467383543 0.10916284842330053 -0.21852735885043917 0.24483443011357797
decision_type=2 2 2 2 2 2 2 2 2 2 2 2 2 2
left_child=1 2 8 -3 11 -6 -7 -2 10 -4 -1 12 -5 -11
right_child=7 3 9 4 5 6 -8 -9 -10 13 -12 -13 -14 -15
leaf_value=0.013863792778029288 0.0051432253391589687 0.026066800128820511 0.0016839794186857861 0.012157348213088566 0.027732452493822637 -0.0042035784600389821 0.024129809418434258 -0.012084892172066533 0.02361057681721674 -0.020157127105582328 -0.0013412992942423607 -0.0088872550212019744 -0.0044413358357177817 -0.0060472580598418301
leaf_weight=47.098712012171745 40.824083507061005 67.212025001645088 31.349962964653969 23.202372282743454 72.320760622620583 51.275749146938324 37.224619343876839 25.14398305118084 29.160124197602272 20.863128766417503 23.881606429815292 29.807949438691139 21.060167759656906 21.254223227500916
leaf_count=125 121 142 101 66 149 177 81 92 64 83 77 108 72 75
internal_value=0.00939323 0.0108938 0.00470114 0.0144546 0.0111283 0.0167266 0.00773885 -0.00140563 0.0130742 -0.006719 0.00874805 -0.00102083 0.00424175 -0.0130194
internal_weight=541.679 475.711 173.608 302.104 234.892 160.821 88.5004 65.9681 100.14 73.4673 70.9803 74.0705 44.2625 42.1174
internal_count=1533 1320 525 795 653 407 258 213 266 259 202 246 138 158
is_linear=0
shrinkage=0.0182498


Tree=23
num_leaves=13
num_cat=0
split_feature=12 12 12 12 12 12 12 10 20 20 20 18
split_gain=33.9526 60.0876 46.4017 35.8418 31.9532 29.1443 27.2019 10.0776 6.92029 17.8958 10.6881 4.38897
threshold=-0.16278278210580868 -0.25569949887341331 -0.75395937461762297 0.36661382243086127 0.39415584577324497 0.87088760829746492 0.9733206658324598 -0.095704417170885528 -0.74825503252315706 -0.70119667397228391 0.53999047467446581 0.57784221621604204
decision_type=2 2 2 2 2 2 2 2 2 2 2 2
left_child=1 2 8 -2 -5 -6 11 -8 -1 -10 -11 -7
right_child=3 -3 -4 4 5 6 7 -9 9 10 -12 -13
leaf_value=0.011049707515275231 0.025635831158583224 -0.0087258569257628992 0.023862314523904696 -0.0055754817617930637 0.028207427138784533 -0.0065519306418475474 0.02574899192770163 0.01166184344633738 -0.012439334214425928 0.011603472106006081 -0.0016550647559946102 0.0041058648977600311
leaf_weight=39.139811128377914 65.361466735601425 78.307863920927048 57.772844776511192 35.36548213660717 34.88007079064846 23.632131591439247 25.344313740730286 49.207600966095924 22.03255869448185 47.461170613765717 34.863311931490898 27.621546626091003
leaf_count=107 138 285 125 124 71 84 56 133 81 131 112 86
internal_value=0.00923385 0.00481538 0.0100864 0.0139592 0.0100634 0.0135133 0.00942933 0.016446 0.00453631 0.00207917 0.00597882 -0.000779634
internal_weight=540.99 279.578 201.27 261.413 196.051 160.686 125.806 74.5519 143.497 104.357 82.3245 51.2537
internal_count=1533 841 556 692 554 430 359 189 431 324 243 170
is_linear=0
shrinkage=0.0182498


Tree=24
num_leaves=14
num_cat=0
split_feature=10 10 10 10 10 10 10 10 10 19 19 13 11
split_gain=22.7067 37.9975 39.0305 44.5837 35.4027 31.2552 29.4157 18.7891 15.9357 7.07331 5.41819 6.51604 4.11042
threshold=0.61363144105442236 0.10654017972026493 -0.095704417170885528 -0.71108916569644198 0.64619110424230641 1.2501977563384772 -0.74621945342151941 1.3308688868792957 -1.2255271012153091 -0.59681348789985755 0.43943416493632781 0.22617128838592704 1.0000000180025095e-35
decision_type=2 2 2 2 2 2 2 2 2 2 2 2 2
left_child=1 2 3 6 12 -6 8 -7 -1 -8 11 -4 -2
right_child=4 -3 10 -5 5 7 9 -9 -10 -11 -12 -13 -14
leaf_value=0.0082024598487630638 -0.0032167188585761571 0.026075971684669099 -0.0025779907099282838 0.024546708815329121 0.026430805689472738 -0.0091286504097319119 0.0075518129538423018 0.010363417350131032 0.022280891236640642 -0.0052548395525625347 -0.0076417891454772825 0.0098917592473401917 -0.013990918809364764
leaf_weight=68.986171633005142 19.227255299687386 50.483257561922073 38.407534450292587 75.471557766199112 25.740534633398056 26.230066403746605 20.048411875963211 43.190198570489883 43.297258585691452 48.794921055436134 29.219029381871223 21.558892711997032 29.672597169876099
leaf_count=197 67 106 127 162 54 95 60 120 96 170 105 62 112
internal_value=0.00907663 0.0113315 0.00917402 0.0127856 0.00287844 0.00934756 0.00788174 0.00300238 0.0136283 -0.00149461 -0.00120904 0.00190597 -0.00971222
internal_weight=540.328 396.267 345.784 256.598 144.061 95.1608 181.127 69.4203 112.283 68.8433 89.1855 59.9664 48.8999
internal_count=1533 1085 979 685 448 269 523 215 293 230 294 189 179
is_linear=0
shrinkage=0.0182498


Tree=25
num_leaves=15
num_cat=0
split_feature=12 12 12 12 12 12 12 10 17 18 18 18 17 18
split_gain=32.5902 54.0008 44.0357 36.2151 30.2989 27.6099 25.5998 9.55506 7.45592 7.50003 5.68591 5.41286 4.75243 4.19665
threshold=-0.087021155187006968 -0.25569949887341331 -0.75395937461762297 0.36661382243086127 0.39415584577324497 0.87088760829746492 0.9733206658324598 -0.095704417170885528 0.56898961075866683 -0.87449136224945445 -0.43140865626531416 0.01817539622676698 0.65888401883767544 0.57784221621604204
decision_type=2 2 2 2 2 2 2 2 2 2 2 2 2 2
left_child=1 2 8 -2 -5 -6 13 -8 9 -1 -10 -11 -3 -7
right_child=3 12 -4 4 5 6 7 -9 10 11 -12 -13 -14 -15
leaf_value=-0.0052579360435989443 0.025747963874260687 -0.0055973485974627948 0.023173700211958567 -0.0054707916350124853 0.027486201724676907 -0.0063980280313598731 0.02504349929860647 0.011316769354849536 0.015782500180898024 0.011752849570039253 0.0036594802581915507 0.00041496594535947104 -0.016229995066807175 0.0040294473346635246
leaf_weight=36.068652018904686 61.917247489094734 63.46476124227047 57.468589603900909 35.310863703489304 34.670893535017967 23.577576503157616 25.297508135437965 49.179972216486931 26.281141251325607 24.62520395219326 24.681746780872345 31.761145561933517 17.704923585057259 27.629364460706711
leaf_count=121 130 224 125 124 71 84 56 133 69 67 74 100 69 86
internal_value=0.00892275 0.0046392 0.00970906 0.013613 0.00976964 0.0131331 0.00916413 0.0159746 0.00430989 0.00121946 0.00989276 0.00536176 -0.00790299 -0.000743994
internal_weight=539.64 282.056 200.886 257.583 195.666 160.355 125.684 74.4775 143.418 92.455 50.9629 56.3863 81.1697 51.2069
internal_count=1533 849 556 684 554 430 359 189 431 288 143 167 293 170
is_linear=0
shrinkage=0.0182498


Tree=26
num_leaves=14
num_cat=0
split_feature=20 20 20 20 20 20 20 20 14 2 11 11 14
split_gain=24.7716 28.5934 44.8069 31.7789 43.4509 43.5119 46.9908 12.4523 10.8063 10.3209 7.31064 5.39789 4.85318
threshold=1.177402732038815 -0.70119667397228391 -0.74825503252315706 -0.089135180160350949 -0.054942620885672068 0.55737123346841166 0.59880424611607019 -1.2385043868256729 0.34276109523837356 -0.19617398551119922 0.54285147167129943 0.54285147167129943 -0.48641703843958678
decision_type=2 2 2 2 2 2 2 2 2 2 2 2 2
left_child=1 2 7 -3 -5 -6 11 12 10 -2 -4 -7 -1
right_child=9 3 8 4 5 6 -8 -9 -10 -11 -12 -13 -14
leaf_value=0.0025155008417656927 0.0042008495546253062 0.024735325467306748 -0.0080591048925307898 -0.0010664283890325108 0.026371291896053223 -0.0090369204822368428 0.022871334445510583 0.022304707828790616 -0.016721194994910656 -0.010470436741146357 0.005906981619556273 0.0029443243619895064 0.012163352949180072
leaf_weight=29.410907968878746 39.250199973583221 66.543647646903992 27.259804487228394 74.010952487587929 71.560433611273766 30.041121751070023 36.892415225505829 28.941095367074013 23.335722103714943 26.527443245053291 22.592272594571114 21.099088504910469 41.455314159393311
leaf_count=89 117 142 99 246 149 109 81 64 89 96 71 68 113
internal_value=0.00877189 0.0102303 0.00432662 0.013635 0.0104696 0.015822 0.00725252 0.0122632 -0.00650344 -0.00169719 -0.00173879 -0.00405592 0.00816462
internal_weight=538.92 473.143 172.995 300.148 233.604 159.593 88.0326 99.8073 73.1878 65.7776 49.8521 51.1402 70.8662
internal_count=1533 1320 525 795 653 407 258 266 259 213 170 177 202
is_linear=0
shrinkage=0.0182498


Tree=27
num_leaves=13
num_cat=0
split_feature=18 18 18 18 18 18 6 19 15 6 8 18
split_gain=30.4188 30.2896 31.4105 32.0261 24.8366 25.9817 15.8571 13.9663 13.9202 7.95882 6.03848 5.43386
threshold=-0.87449136224945445 -0.41077831737311216 -0.38698740917641022 0.01817539622676698 0.11329744257535758 0.57784221621604204 1.1314233433676484 -0.59681348789985755 -0.17951996030249537 0.27979194336068741 -0.4181993894486592 0.61490612927703658
decision_type=2 2 2 2 2 2 2 2 2 2 2 2
left_child=6 -2 -3 -4 -5 -6 8 10 9 -1 -7 -9
right_child=1 2 3 4 5 7 -8 11 -10 -11 -12 -13
leaf_value=-0.0044421467272823187 0.02419376032284681 -0.0051630760523892639 0.024509461252143667 -0.0017436562434735264 0.023791833164105519 0.0068387375538194808 0.010741400217452148 -0.0025895246345907798 0.0042374250806276647 -0.019993380813728062 0.017308124494246249 0.0066756272753974452
leaf_weight=26.115850150585175 49.964461579918861 44.898060321807861 49.731688901782036 59.7783123254776 45.153144240379333 27.351541489362717 34.027191385626793 32.317812293767929 36.741348907351494 18.518725126981735 54.141489207744598 59.343953162431717
leaf_count=87 107 159 106 200 97 79 96 109 114 73 136 170
internal_value=0.00862556 0.010892 0.00910487 0.0110639 0.0086539 0.0115045 0.000332366 0.00829444 -0.00404583 -0.0108811 0.0137779 0.00341248
internal_weight=538.084 422.68 372.716 327.818 278.086 218.308 115.403 173.155 81.3759 44.6346 81.493 91.6618
internal_count=1533 1163 1056 897 791 591 370 494 274 160 215 279
is_linear=0
shrinkage=0.0182498


Tree=28
num_leaves=12
num_cat=0
split_feature=0 0 0 0 0 0 0 0 0 0 3
split_gain=16.5919 28.6432 28.2877 30.5693 57.847 23.8465 39.6858 24.7528 30.4605 15.7256 3.93811
threshold=-1.1276391185000267 -1.2166955393249901 -0.68781855209637899 -0.60218614167497464 -0.064443700279401897 0.034752131634974245 0.49288231235624552 0.54869930824243307 1.0820050037629716 1.1249859794273662 1.0000000180025095e-35
decision_type=2 2 2 2 2 2 2 2 2 2 2
left_child=1 -1 -2 -4 10 -6 -7 -8 -9 -10 -5
right_child=2 -3 3 4 5 6 7 8 9 -11 -12
leaf_value=0.011458265628797697 0.025473987696606526 -0.010646088371694507 -0.0031130181161252587 0.028766052973007931 -0.0023953021398829869 0.024789551706186543 -0.0054837520037407861 0.024308432306377796 -0.0058131784618028126 0.010037672378153669 0.020196130614363685
leaf_weight=39.731515780091286 35.103104636073112 37.856245309114456 63.892172068357468 41.807451769709587 69.534822732210159 46.376982048153877 46.718911692500114 35.455472484230995 32.041434735059738 58.377385303378105 30.549456179141998
leaf_count=107 74 138 217 84 236 99 162 76 112 159 69
internal_value=0.00847851 0.00068747 0.00979518 0.00849487 0.0105536 0.00689723 0.00984987 0.00582814 0.01003 0.00442308 0.0251134
internal_weight=537.445 77.5878 459.857 424.754 360.862 288.505 218.97 172.593 125.874 90.4188 72.3569
internal_count=1533 245 1288 1214 997 844 608 509 347 271 153
is_linear=0
shrinkage=0.0182498


Tree=29
num_leaves=13
num_cat=0
split_feature=12 12 12 12 12 12 12 19 17 20 20 20
split_gain=30.3257 48.7943 39.9417 32.7506 27.6535 25.0612 23.162 10.3417 6.86199 8.10206 4.21384 4.1233
threshold=-0.087021155187006968 -0.25569949887341331 -0.75395937461762297 0.36661382243086127 0.39415584577324497 0.87088760829746492 0.9733206658324598 0.43943416493632781 0.56898961075866683 0.53999047467446581 -0.70119667397228391 0.53999047467446581
decision_type=2 2 2 2 2 2 2 2 2 2 2 2
left_child=1 2 8 -2 -5 -6 -7 -3 9 10 -1 -8
right_child=3 7 -4 4 5 6 11 -9 -10 -11 -12 -13
leaf_value=0.00030689283918640734 0.024514432813977895 -0.0019622696002631968 0.021955465101482077 -0.005340789621884081 0.026244049622562486 -0.00073723488670738278 0.018433426794941216 -0.015063071194806659 0.0092640364886874185 -0.008622927440454075 0.0093932524920813856 0.009537719133984008
leaf_weight=41.792710542678833 61.057827219367027 45.027859658002853 56.748934909701347 35.237185284495354 34.186006233096123 51.159256592392921 47.242666855454445 35.808592081069946 50.853165313601494 22.182573989033699 28.236315593123436 26.966841116547585
leaf_count=132 130 152 125 124 71 170 114 141 143 76 80 75
internal_value=0.00833874 0.00419825 0.00903254 0.0128803 0.00923048 0.0124557 0.00868677 -0.00774643 0.00390275 0.000933674 0.00396751 0.0151816
internal_weight=536.5 280.65 199.814 255.85 194.792 159.555 125.369 80.8365 143.065 92.2116 70.029 74.2095
internal_count=1533 849 556 684 554 430 359 293 431 288 212 189
is_linear=0
shrinkage=0.0182498


Tree=30
num_leaves=11
num_cat=0
split_feature=12 12 12 12 12 12 12 3 12 0
split_gain=29.3192 47.0883 38.7593 31.8612 26.69 24.4092 22.3339 8.70793 4.50175 6.89135
threshold=-0.087021155187006968 -0.25569949887341331 -0.75395937461762297 0.36661382243086127 0.39415584577324497 0.87088760829746492 0.9733206658324598 -0.4779326859552826 -1.1632783741087656 0.19753328350840144
decision_type=2 2 2 2 2 2 2 2 2 2
left_child=1 2 8 -2 -5 -6 -7 -8 9 -1
right_child=3 -3 -4 4 5 6 7 -9 -10 -11
leaf_value=0.004189699142861031 0.024175520589509763 -0.0076204823170197365 0.021638034460674589 -0.0052515911350017406 0.025890287829238353 -0.00072478400478811328 0.010194806130502592 0.023110238454637434 0.0083779705028603213 -0.0074574919353895975
leaf_weight=73.567270264029503 60.787100121378899 80.675905734300613 56.53409418463707 35.194025158882141 34.023496448993683 51.15166300535202 47.081288129091263 27.106337353587151 47.854755088686943 21.667239338159561
leaf_count=220 130 293 125 124 71 170 128 61 139 72
internal_value=0.00819993 0.00412695 0.0088765 0.0126707 0.00907301 0.0122435 0.00853002 0.0149088 0.0038308 0.00153413
internal_weight=535.643 280.299 199.623 255.344 194.557 159.363 125.339 74.1876 143.089 95.2345
internal_count=1533 849 556 684 554 430 359 189 431 292
is_linear=0
shrinkage=0.0182498


Tree=31
num_leaves=12
num_cat=0
split_feature=0 0 0 0 0 0 0 0 0 0 14
split_gain=15.5059 26.8359 26.6892 28.4701 54.1018 21.8189 37.2594 22.7709 28.5331 14.4393 12.7483
threshold=-1.1276391185000267 -1.2166955393249901 -0.68781855209637899 -0.60218614167497464 -0.064443700279401897 0.034752131634974245 0.49288231235624552 0.54869930824243307 1.0820050037629716 1.1249859794273662 -0.26276777967785664
decision_type=2 2 2 2 2 2 2 2 2 2 2
left_child=1 -1 -2 10 -5 -6 -7 -8 -9 -10 -4
right_child=2 -3 3 4 5 6 7 8 9 -11 -12
leaf_value=0.010956849127480111 0.024642956971927588 -0.010468032247809759 0.0067557690787454217 0.024242966072274063 -0.0023518347028537866 0.023931489192716964 -0.0053784809060619734 0.023428826354791082 -0.0057118510258901091 0.0094950847159339311 -0.0098090954245345936
leaf_weight=39.645476102828979 34.788009226322174 37.732609733939171 25.628395557403564 71.552045732736588 69.430193275213242 45.925424322485924 46.614511370658875 35.088905707001686 31.980175331234932 58.188254669308662 38.209514528512955
leaf_count=107 74 138 79 153 236 99 162 76 112 159 138
internal_value=0.00806352 0.000522891 0.00934123 0.00807731 0.010074 0.00653971 0.00937576 0.00547937 0.00952336 0.00410397 -0.00312581
internal_weight=534.784 77.3781 457.405 422.617 358.78 287.227 217.797 171.872 125.257 90.1684 63.8379
internal_count=1533 245 1288 1214 997 844 608 509 347 271 217
is_linear=0
shrinkage=0.0182498


Tree=32
num_leaves=13
num_cat=0
split_feature=0 0 0 0 0 0 0 0 0 0 19 19
split_gain=14.995 25.8965 25.892 27.5183 52.5399 21.0855 36.1392 21.9847 27.6909 13.923 13.6163 11.5141
threshold=-1.1276391185000267 -1.2166955393249901 -0.68781855209637899 -0.60218614167497464 -0.064443700279401897 0.034752131634974245 0.49288231235624552 0.54869930824243307 1.0820050037629716 1.1249859794273662 -0.076831259902770996 1.0000000180025095e-35
decision_type=2 2 2 2 2 2 2 2 2 2 2 2
left_child=1 -1 -2 -4 -5 11 -7 10 -9 -10 -8 -6
right_child=2 -3 3 4 5 6 7 8 9 -11 -12 -13
leaf_value=0.010757198455566559 0.024295288529294762 -0.010301543507751094 -0.0030711112431532003 0.02391182109905645 0.0032124907803484162 0.02359112231846518 0.0039891665068762256 0.023098320100752929 -0.0056154118502560043 0.0093234736999746031 -0.015669721328085945 -0.012221604315780109
leaf_weight=39.646763429045677 34.645575523376465 37.646189197897911 63.789159193634987 71.223580732941628 44.514476448297501 45.740387201309204 24.518431484699249 34.944331914186478 31.940823867917061 58.179457828402519 22.044784635305405 24.881850048899651
leaf_count=107 74 138 217 153 142 99 77 76 112 159 85 94
internal_value=0.00793268 0.000513865 0.00919107 0.00794616 0.00991259 0.00643101 0.00922331 0.00538716 0.00936442 0.0040311 -0.00528707 -0.00231038
internal_weight=533.716 77.293 456.423 421.777 357.988 286.765 217.368 171.628 125.065 90.1203 46.5632 69.3963
internal_count=1533 245 1288 1214 997 844 608 509 347 271 162 236
is_linear=0
shrinkage=0.0182498


Tree=33
num_leaves=11
num_cat=0
split_feature=12 12 12 12 12 12 12 14 14 3
split_gain=27.6409 43.1773 35.7631 29.3764 24.6211 22.6715 20.5624 8.74272 9.0303 8.23753
threshold=-0.087021155187006968 -0.25569949887341331 -0.75395937461762297 0.36661382243086127 0.39415584577324497 0.87088760829746492 0.9733206658324598 -0.17235712472469367 0.82595451657419694 -0.4779326859552826
decision_type=2 2 2 2 2 2 2 2 2 2
left_child=1 2 7 -2 -5 -6 -7 -1 -9 -8
right_child=3 -3 -4 4 5 6 9 8 -10 -11
leaf_value=-0.0013095119969989163 0.023296673266459317 -0.007429088428640907 0.020754360833587799 -0.0050626071881360365 0.025024478006405601 -0.00068042580536884206 0.0097530577210149256 0.014547314047274775 0.002045851452130063 0.022346076458234672
leaf_weight=65.808231249451637 59.96564818918705 80.333337351679802 55.845471560955048 35.096786364912987 33.558637037873268 51.098366498947144 46.980006217956543 35.044096022844315 41.93327271938324 26.928007081151009
leaf_count=211 130 293 125 124 71 170 128 91 129 61
internal_value=0.00780481 0.00384272 0.00840325 0.0121625 0.00871182 0.0117674 0.00819941 0.00356895 0.00773128 0.0143366
internal_weight=532.592 278.964 198.631 253.627 193.662 158.565 125.006 142.786 76.9774 73.908
internal_count=1533 849 556 684 554 430 359 431 220 189
is_linear=0
shrinkage=0.0182498


Tree=34
num_leaves=13
num_cat=0
split_feature=15 15 0 0 0 0 0 0 0 0 0 19
split_gain=16.7667 25.4852 20.9229 18.9791 23.0207 41.1054 21.4982 22.8129 18.4937 16.1143 21.7799 16.0063
threshold=-1.3045653859921498 -1.3452905810362619 -1.1276391185000267 -0.68781855209637899 -0.60218614167497464 -0.064443700279401897 0.034752131634974245 0.49288231235624552 -1.2166955393249901 0.54869930824243307 1.0820050037629716 1.0000000180025095e-35
decision_type=2 2 2 2 2 2 2 2 2 2 2 2
left_child=1 -1 8 -4 -5 -6 11 -8 -2 -9 -11 -7
right_child=2 -3 3 4 5 6 7 9 -10 10 -12 -13
leaf_value=0.0086354178762228923 0.009139723061175227 -0.014894435869622698 0.023543722788662645 -0.0013756265222345174 0.023638723983563315 0.0046824782823166261 0.022503369485730718 -0.0030216301208897721 -0.010098504726220864 0.023452931358302363 0.0053963781170358544 -0.015257126919319309
leaf_weight=36.344426617026329 32.397135734558105 26.095430508255959 33.354341045022011 57.292465537786484 68.535358503460884 41.414578825235367 42.307310432195663 37.059812545776367 33.651362150907516 31.851117432117462 71.774342730641365 19.512624859809875
leaf_count=100 89 99 72 192 148 130 93 127 124 69 214 76
internal_value=0.00767714 -0.00118515 0.00885917 0.010419 0.00923071 0.0111792 0.0076737 0.0107951 -0.000639704 0.00726801 0.0109524 -0.00169475
internal_weight=531.59 62.4399 469.15 403.102 369.748 312.455 243.92 182.993 66.0485 140.685 103.625 60.9272
internal_count=1533 199 1334 1121 1049 857 709 503 213 410 283 206
is_linear=0
shrinkage=0.0182498


Tree=35
num_leaves=13
num_cat=0
split_feature=20 20 20 20 20 20 20 0 10 2 17 8
split_gain=21.9229 23.2454 35.8447 25.5045 33.9636 35.8022 37.4446 13.1139 11.5302 9.11443 8.17183 3.98462
threshold=1.177402732038815 -0.70119667397228391 -0.74825503252315706 -0.089135180160350949 -0.054942620885672068 0.55737123346841166 0.59880424611607019 -1.1276391185000267 -0.095704417170885528 -0.19617398551119922 0.44480417467383543 0.71805717026503524
decision_type=2 2 2 2 2 2 2 2 2 2 2 2
left_child=1 2 7 -3 10 -6 11 -1 -4 -2 -5 -7
right_child=9 3 8 4 5 6 -8 -9 -10 -11 -12 -13
leaf_value=0.0032731078377991329 0.0032302626334333178 0.022186611149690418 0.0022425653920156961 0.0035042135471390827 0.023816797048441238 0.00021703416179827994 0.02045673020766952 0.016644175436075454 -0.01239825842799608 -0.010604238015393357 -0.0091359514425988341 -0.010206283040593567
leaf_weight=43.270812779664993 39.063881173729897 64.345083087682724 31.105831980705261 47.560917913913727 69.101351290941238 31.134863078594208 35.864629119634628 55.249342903494835 41.553918972611427 26.308921426534653 26.1948182284832 19.745717525482178
leaf_count=128 117 142 101 151 149 105 81 138 158 96 95 72
internal_value=0.00755289 0.00894327 0.00360225 0.0120555 0.00921331 0.0140352 0.00624803 0.0107589 -0.00610778 -0.00232017 -0.000970562 -0.00380453
internal_weight=530.5 465.127 171.18 293.947 229.602 155.847 86.7452 98.5202 72.6598 65.3728 73.7557 50.8806
internal_count=1533 1320 525 795 653 407 258 266 259 213 246 177
is_linear=0
shrinkage=0.0182498


Tree=36
num_leaves=14
num_cat=0
split_feature=18 18 18 18 18 18 6 15 19 4 6 4 19
split_gain=26.2679 24.893 24.584 26.1586 19.4221 20.6586 14.6276 12.7705 12.1776 7.40225 7.19172 4.27599 3.88495
threshold=-0.87449136224945445 -0.41077831737311216 -0.38698740917641022 0.01817539622676698 0.11329744257535758 0.57784221621604204 1.1314233433676484 -0.17951996030249537 -0.59681348789985755 -0.33805314830568323 0.27979194336068741 0.29677492070556649 -0.559363213871095
decision_type=2 2 2 2 2 2 2 2 2 2 2 2 2
left_child=6 -2 11 -4 -5 -6 7 10 9 -7 -1 -3 -10
right_child=1 2 3 4 5 8 -8 -9 12 -11 -12 -13 -14
leaf_value=-0.004972703679136806 0.021845677316517206 0.00025469191314814247 0.022089025048301708 -0.0016900995097848725 0.021281383163825798 0.018130620451637429 0.0097273677876404709 0.0034395434047912675 -0.0030265720944494738 0.0071023755316718083 -0.019831739976029973 -0.011063487656406508 0.0051404264874433036
leaf_weight=25.937296852469444 48.27643558382988 24.82286524772644 48.002946794033051 59.361971363425255 43.430449172854424 38.639409393072128 33.821333155035973 36.447340488433838 27.67701755464077 41.920036152005196 18.284786254167557 19.731384485960007 63.023706540465355
leaf_count=87 107 84 106 200 97 95 96 114 92 120 73 75 187
internal_value=0.00743121 0.00956598 0.00794525 0.0097015 0.00752676 0.0100784 -0.000297255 -0.00452412 0.00723199 0.0123833 -0.0111037 -0.00471831 0.00265073
internal_weight=529.377 414.886 366.61 322.056 274.053 214.691 114.491 80.6694 171.26 80.5594 44.2221 44.5542 90.7007
internal_count=1533 1163 1056 897 791 591 370 274 494 215 160 159 279
is_linear=0
shrinkage=0.0182498


Tree=37
num_leaves=12
num_cat=0
split_feature=12 12 12 12 12 12 12 10 1 1 12
split_gain=25.9449 39.1971 32.713 26.8057 22.5925 20.8372 18.7173 8.80806 5.5309 7.08126 4.92514
threshold=-0.087021155187006968 -0.25569949887341331 -0.75395937461762297 0.36661382243086127 0.39415584577324497 0.87088760829746492 0.9733206658324598 -0.095704417170885528 -1.1713890259949269 -0.50537108130784081 -1.1632783741087656
decision_type=2 2 2 2 2 2 2 2 2 2 2
left_child=1 2 8 -2 -5 -6 -7 -8 -1 -10 -11
right_child=3 -3 -4 4 5 6 7 -9 9 10 -12
leaf_value=-0.0047663551744315316 0.02230724756692401 -0.0072974358479091063 0.019763342056536688 -0.0049401143982810772 0.024059732572096201 -0.00066854809931581841 0.022499870830472866 0.0092057170789606371 0.011520682403772756 -0.0015465288589824135 0.0076626129807395816
leaf_weight=23.778400138020515 58.826674029231071 79.995305433869362 54.893285244703293 35.020137429237366 32.913578167557716 51.044594094157219 24.747045680880547 48.738511621952057 36.215406477451324 51.856598898768425 30.458076387643814
leaf_count=77 130 293 125 124 71 170 56 133 101 164 89
internal_value=0.0073083 0.0034604 0.00782599 0.0115527 0.00826261 0.0112059 0.00779986 0.0136801 0.00321773 0.00482226 0.00187055
internal_weight=528.488 277.197 197.202 251.291 192.464 157.444 124.53 73.4856 142.308 118.53 82.3147
internal_count=1533 849 556 684 554 430 359 189 431 354 253
is_linear=0
shrinkage=0.0182498


Tree=38
num_leaves=15
num_cat=0
split_feature=14 0 0 0 0 0 19 2 19 0 14 5 2 2
split_gain=13.3831 15.1294 22.6074 20.2334 23.9267 40.157 16.9594 12.5985 13.9242 10.9419 10.7943 6.2198 4.86563 6.54002
threshold=2.0011173625942944 -1.1276391185000267 -1.2166955393249901 -0.68781855209637899 -0.60218614167497464 -0.064443700279401897 0.43943416493632781 -0.69064383080358305 -1.119849066025745 1.0000000180025095e-35 -0.26276777967785664 -0.54058913942032549 -0.19617398551119922 -0.16177177653523625
decision_type=2 2 2 2 2 2 2 2 2 2 2 2 2 2
left_child=1 2 -1 -3 10 -6 7 8 -7 -8 -5 -11 -9 -14
right_child=-2 3 -4 4 5 6 9 12 -10 11 -12 -13 13 -15
leaf_value=0.0098647728476983186 -0.0064513306247990813 0.022712817596286482 -0.010169283564806061 0.0066299166122270837 0.022447624762657922 0.016589318054282411 -0.011409885549747029 0.01998344225150302 -4.619303403261738e-06 0.010259651427841823 -0.0087520700895065504 -0.0031005312500193742 0.0041288594838277378 0.014940068226057396
leaf_weight=38.6778225004673 22.630661562085152 33.349723443388939 35.913157254457474 25.582977414131165 67.546741351485252 22.393255844712257 22.655152812600136 28.48714154958725 65.114988818764687 24.549514517188072 36.621415182948112 21.49715918302536 27.937143981456757 54.483793079853058
leaf_count=105 76 73 133 79 149 56 87 65 206 69 132 71 89 143
internal_value=0.00718953 0.00780486 0.000232834 0.00912012 0.00797373 0.00990429 0.00672806 0.00943004 0.00426402 -0.00107132 -0.00239519 0.00400568 0.0135111 0.011274
internal_weight=527.441 504.81 74.591 430.219 396.869 334.665 267.118 198.416 87.5082 68.7018 62.2044 46.0467 110.908 82.4209
internal_count=1533 1457 238 1219 1146 935 786 559 262 227 211 140 297 232
is_linear=0
shrinkage=0.0182498


Tree=39
num_leaves=13
num_cat=0
split_feature=18 18 18 18 17 18 19 15 19 15 14 10
split_gain=24.9304 23.5237 22.7403 24.6065 19.0581 15.7005 11.436 10.6444 10.5734 9.88224 9.37783 7.58181
threshold=-0.87449136224945445 -0.41077831737311216 -0.38698740917641022 0.01817539622676698 0.44480417467383543 0.11329744257535758 1.0159675163273414 0.32935437621203967 -0.076831259902770996 -0.17951996030249537 0.34276109523837356 -0.095704417170885528
decision_type=2 2 2 2 2 2 2 2 2 2 2 2
left_child=6 -2 -3 -4 5 -5 9 8 -6 -1 -7 -12
right_child=1 2 3 4 7 10 -8 -9 -10 -11 11 -13
leaf_value=-0.010696880173708186 0.021181369052037352 -0.0046040340169259224 0.021390297738575099 -0.00041227983828212767 0.011039521541360765 0.016576346585021433 0.0074862761010123088 -0.011622632692329049 -0.0054683723606049981 0.0025538001997720654 0.012447074780518361 0.00050351367662481339
leaf_weight=40.77905860543251 47.65299266576767 44.457503721117973 47.344328656792641 38.061864763498306 28.597922414541245 88.214113190770149 39.223370522260666 21.227170437574387 23.100376710295677 34.252234473824501 44.751897752285004 28.83772286772728
leaf_count=146 107 159 106 127 79 220 116 77 80 108 118 90
internal_value=0.00707123 0.00916112 0.00758647 0.00928347 0.00717763 0.010088 -0.000462114 -0.000792879 0.00364683 -0.0046391 0.0125686 0.00777139
internal_weight=526.501 412.246 364.593 320.135 272.791 199.866 114.255 72.9255 51.6983 75.0313 161.804 73.5896
internal_count=1533 1163 1056 897 791 555 370 236 159 254 428 208
is_linear=0
shrinkage=0.0182498


Tree=40
num_leaves=14
num_cat=0
split_feature=18 18 18 18 17 7 18 3 18 17 18 19 7
split_gain=24.1059 22.9105 21.9583 23.9843 18.3893 16.0174 15.1647 11.2202 13.1864 11.7722 8.4841 10.3661 6.16403
threshold=-0.87449136224945445 -0.41077831737311216 -0.38698740917641022 0.01817539622676698 0.44480417467383543 0.23239399432400681 0.11329744257535758 -1.0094761000520622 -0.94833501437695966 1.0000000180025095e-35 0.57784221621604204 -1.119849066025745 0.85870822084655996
decision_type=2 2 2 2 2 2 2 2 2 2 2 2 2
left_child=7 -2 -3 -4 6 -6 -5 -1 9 -9 -8 -12 -13
right_child=1 2 3 4 5 -7 10 8 -10 -11 11 12 -14
leaf_value=-0.011836385415014878 0.020909627104352863 -0.0045263770190524938 0.021118901740016398 -0.00040513581929025271 0.012352560525371039 -0.0063136481044619311 0.020202404677216439 -0.0025901213710019717 -0.008262087823105389 0.013244597652015522 0.019340567666388617 0.0039095706426023414 0.013704463824608625
leaf_weight=22.836876347661018 47.395092904567719 44.405615746974945 47.080732256174088 38.058878242969513 21.480327680706978 51.384070381522179 35.493690773844719 25.847656026482582 26.970707446336746 38.567234754562378 30.572484344244003 63.715002313256264 31.835200905799866
leaf_count=85 107 159 106 127 59 177 81 83 98 104 73 191 83
internal_value=0.00695371 0.0090122 0.00745966 0.00912889 0.00705301 -0.00077956 0.00991331 -0.00045371 0.00239168 0.00687188 0.0123537 0.0101408 0.00718324
internal_weight=525.644 411.421 364.026 319.62 272.54 72.8644 199.675 114.222 91.3856 64.4149 161.616 126.123 95.5502
internal_count=1533 1163 1056 897 791 236 555 370 285 187 428 347 274
is_linear=0
shrinkage=0.0182498


Tree=41
num_leaves=13
num_cat=0
split_feature=12 12 12 12 12 12 12 10 4 4 4 7
split_gain=24.2696 35.9036 30.2959 25.0943 20.7516 19.6757 17.1007 8.44899 4.69534 7.12154 7.9554 4.45732
threshold=-0.087021155187006968 -0.25569949887341331 -0.75395937461762297 0.36661382243086127 0.39415584577324497 0.87088760829746492 0.9733206658324598 -0.095704417170885528 0.6819946155003539 -0.23067946999176264 -0.9675659477183679 -0.22993915151328656
decision_type=2 2 2 2 2 2 2 2 2 2 2 2
left_child=1 2 8 -2 -5 -6 -7 -8 9 10 -1 -3
right_child=3 11 -4 4 5 6 7 -9 -10 -11 -12 -13
leaf_value=0.0079936063131886542 0.021488105114369355 -0.0012001245518619124 0.018917501945810839 -0.0048696102913243057 0.023260106200521411 -0.00075300370637861123 0.021664719740383996 0.0085958563049128335 -0.0051598853634604739 0.011573378002559807 -0.0030120149982396914 -0.010291580370441594
leaf_weight=37.347015619277954 57.711774587631226 26.918182760477066 53.95702488720417 34.959596946835518 32.27800278365612 51.045660063624382 24.514721363782883 48.56703445315361 20.412161096930504 32.177821069955826 51.959326848387718 52.795857310295105
leaf_count=104 130 95 125 124 71 170 56 133 68 88 171 198
internal_value=0.0068401 0.0031104 0.00730789 0.0109662 0.00779021 0.0106261 0.00733221 0.0129775 0.0028896 0.00424399 0.00159762 -0.00719876
internal_weight=524.644 275.567 195.853 249.077 191.365 156.405 124.127 73.0818 141.896 121.484 89.3063 79.714
internal_count=1533 849 556 684 554 430 359 189 431 363 275 293
is_linear=0
shrinkage=0.0182498


Tree=42
num_leaves=12
num_cat=0
split_feature=20 20 20 20 20 20 20 0 10 19 19
split_gain=19.9523 20.8451 31.1048 22.394 29.1205 31.9216 32.4599 11.9476 11.0443 10.0926 7.73155
threshold=1.177402732038815 -0.70119667397228391 -0.74825503252315706 -0.089135180160350949 -0.054942620885672068 0.55737123346841166 0.59880424611607019 -1.1276391185000267 -0.095704417170885528 -0.090716122193164786 0.10916284842330053
decision_type=2 2 2 2 2 2 2 2 2 2 2
left_child=1 2 7 -3 10 -6 -7 -1 -4 -2 -5
right_child=9 3 8 4 5 6 -8 -9 -10 -11 -12
leaf_value=0.0025701829336450591 0.0028895261211767213 0.020706492723224151 0.0021273326378223704 0.0037627674764799724 0.022352949471119252 -0.0037365574866372801 0.019039486836365208 0.015399200602612384 -0.012219764943679998 -0.011855706775246154 -0.0082681395795191782
leaf_weight=43.002093464136124 40.207658648490906 62.445137977600098 31.086650669574738 44.254622712731361 66.940193399786949 50.7489173412323 34.934312462806702 54.397428810596466 41.344174355268478 24.7473084628582 29.371292635798454
leaf_count=128 121 142 101 138 149 177 81 138 158 92 108
internal_value=0.00673065 0.00807121 0.00300289 0.0110545 0.00838766 0.0129287 0.00557029 0.00972372 -0.00604088 -0.00271388 -0.00102166
internal_weight=523.48 458.525 169.83 288.694 226.249 152.623 85.6832 97.3995 72.4308 64.955 73.6259
internal_count=1533 1320 525 795 653 407 258 266 259 213 246
is_linear=0
shrinkage=0.0182498


Tree=43
num_leaves=14
num_cat=0
split_feature=18 18 18 18 17 7 18 6 19 18 18 17 10
split_gain=22.5556 21.6043 20.094 22.5716 17.2526 15.0545 13.9956 13.5047 8.01973 9.72941 7.96073 4.91362 4.58836
threshold=-0.87449136224945445 -0.41077831737311216 -0.38698740917641022 0.01817539622676698 0.44480417467383543 0.23239399432400681 0.11329744257535758 1.1314233433676484 -1.119849066025745 0.57784221621604204 -1.3688605431648388 -0.7861163678371873 -0.095704417170885528
decision_type=2 2 2 2 2 2 2 2 2 2 2 2 2
left_child=7 -2 -3 -4 6 -6 -5 10 -8 -10 -1 -11 -12
right_child=1 2 3 4 5 -7 8 -9 9 11 12 -13 -14
leaf_value=-0.011252295249131372 0.020272746570533937 -0.0043594200533755064 0.020456699665776481 -0.00041998713986404735 0.011879335012324316 -0.0062564453619786634 0.019710021615700096 0.0090990136383310074 0.018501454775434929 0.0024012915282969013 0.0059576342091637608 0.010689207034049226 -0.005527728429058262
leaf_weight=34.33926522731781 46.689701616764069 44.274977326393127 46.344946578145027 38.004991576075554 21.379063561558723 51.209019884467125 33.837348863482475 33.688010647892952 31.45025160908699 44.204418569803238 23.42885485291481 50.963544130325317 22.390708684921265
leaf_count=126 107 159 106 127 59 177 80 96 74 135 69 139 79
internal_value=0.00662436 0.00862628 0.00711942 0.00872465 0.00671413 -0.000884597 0.00949543 -0.000549574 0.0118539 0.00974966 -0.00462681 0.00684353 0.000331324
internal_weight=522.205 408.358 361.669 317.394 271.049 72.5881 198.461 113.847 160.456 126.618 80.1588 95.168 45.8196
internal_count=1533 1163 1056 897 791 236 555 370 428 348 274 274 148
is_linear=0
shrinkage=0.0182498


Tree=44
num_leaves=14
num_cat=0
split_feature=18 18 18 18 18 18 4 19 7 19 4 2 16
split_gain=21.8159 21.0504 19.4117 22.0096 15.6335 17.8615 12.1063 10.5931 7.39646 7.26617 6.79073 5.13247 4.94348
threshold=-0.87449136224945445 -0.41077831737311216 -0.38698740917641022 0.01817539622676698 0.11329744257535758 0.57784221621604204 0.29677492070556649 -0.59681348789985755 0.25914607255966554 1.0159675163273414 -0.33805314830568323 0.5482166691746696 0.3737380734048848
decision_type=2 2 2 2 2 2 2 2 2 2 2 2 2
left_child=6 -2 12 -4 -5 -6 9 10 -9 -1 -7 -8 -3
right_child=1 2 3 4 5 7 11 8 -10 -11 -12 -13 -14
leaf_value=0.00010866457170798583 0.020020518733031945 0.00075700523309628451 0.020206334172633521 -0.0016765450373557352 0.019572122662218788 0.016670485899914031 -0.012754175401489667 0.010093150294274133 -0.0013546781530926698 0.012854083833335837 0.0060548919642112705 -0.0010596484899017184 -0.011568503053757751
leaf_weight=41.023024305701256 46.417066231369972 26.016629278659821 46.066169410943985 59.123495995998383 41.745613127946854 38.144016966223717 26.563469618558884 26.321417838335037 63.742582067847252 23.017266675829887 41.639395624399185 23.168344005942345 18.20817394554615
leaf_count=132 107 89 106 200 97 95 99 73 206 62 120 77 70
internal_value=0.00651646 0.00848879 0.00700266 0.00858248 0.0066 0.00891547 -0.000539878 0.00629078 0.00200589 0.00468587 0.0111217 -0.00728658 -0.00428546
internal_weight=521.197 407.425 361.007 316.783 270.717 211.593 113.772 169.847 90.064 64.0403 79.7834 49.7318 44.2248
internal_count=1533 1163 1056 897 791 591 370 494 279 194 215 176 159
is_linear=0
shrinkage=0.0182498


Tree=45
num_leaves=11
num_cat=0
split_feature=12 12 12 12 12 12 12 10 3 12
split_gain=22.9561 32.6595 28.0329 23.2224 19.1896 18.43 15.6589 8.0475 4.45542 4.41825
threshold=-0.087021155187006968 -0.25569949887341331 -0.75395937461762297 0.36661382243086127 0.39415584577324497 0.87088760829746492 0.9733206658324598 -0.095704417170885528 -1.0094761000520622 -1.1632783741087656
decision_type=2 2 2 2 2 2 2 2 2 2
left_child=1 2 9 -2 -5 -6 -7 -8 -9 -1
right_child=3 -3 -4 4 5 6 7 8 -10 -11
leaf_value=0.00027604374572647933 0.020695157478948924 -0.0070729504736213311 0.018100046569870139 -0.0047802503738236775 0.022523749254235854 -0.00076191773566658427 0.020930083244930328 0.0021698460021847619 0.013212048749497904 0.0070973609431696782
leaf_weight=94.05846631526947 56.483636304736137 79.392239212989807 52.913740783929825 34.888115018606186 31.591564789414406 50.992409631609917 24.259133473038673 22.34415477514267 25.974815040826797 47.282982215285301
leaf_count=292 130 293 125 124 71 170 56 66 67 139
internal_value=0.00641048 0.00277352 0.00679922 0.0104471 0.00739858 0.0101432 0.00696966 0.0123998 0.00812005 0.00256485
internal_weight=520.181 273.647 194.255 246.534 190.05 155.162 123.571 72.5781 48.319 141.341
internal_count=1533 849 556 684 554 430 359 189 133 431
is_linear=0
shrinkage=0.0182498


Tree=46
num_leaves=12
num_cat=0
split_feature=17 17 17 17 17 17 17 17 17 1 3
split_gain=11.7317 19.4665 15.0281 35.8109 14.3963 14.04 29.3605 20.5256 13.9155 6.98752 5.94957
threshold=0.44480417467383543 -0.14488604308417602 -0.21852735885043917 -0.7861163678371873 -0.8296136620689657 0.47505837172562465 1.0559698042648218 1.1279805223749795 -1.2851894261226733 -0.25604943895051463 0.079969645175369988
decision_type=2 2 2 2 2 2 2 2 2 2 2
left_child=1 2 3 4 8 -2 -7 -8 -1 -6 -9
right_child=5 -3 -4 -5 9 6 7 10 -10 -11 -12
leaf_value=0.0032652911735529277 -0.0055956564336254828 0.017395962982829832 -0.0010625461153898517 0.021220027152501056 -0.0098483937126167976 0.020696204237114272 -0.011205958246734937 0.00083996919510238583 0.01756571464807925 0.0024499159597550476 0.012729482192161957
leaf_weight=59.512406826019287 51.099307358264923 62.919836208224297 70.932683929800987 55.351867243647575 25.661645993590355 32.025888741016388 32.158224046230316 26.484339267015457 36.169229790568352 37.598583817481995 29.09987610578537
leaf_count=181 184 150 238 126 95 73 121 83 86 119 77
internal_value=0.00630806 0.00822944 0.00620449 0.00861183 0.00421514 0.00239494 0.00580462 0.000358708 0.00867011 -0.00252848 0.00704693
internal_weight=519.014 348.146 285.226 214.294 158.942 170.868 119.768 87.7424 95.6816 63.2602 55.5842
internal_count=1533 995 845 607 481 538 354 281 267 214 160
is_linear=0
shrinkage=0.0182498


Tree=47
num_leaves=13
num_cat=0
split_feature=20 20 20 20 20 20 20 19 20 19 16 5
split_gain=18.3895 19.3047 28.0086 20.3994 25.9483 29.2402 28.8766 9.12527 8.17392 7.26524 4.54359 4.07925
threshold=1.177402732038815 -0.70119667397228391 -0.74825503252315706 -0.089135180160350949 -0.054942620885672068 0.55737123346841166 0.59880424611607019 -0.090716122193164786 -1.2385043868256729 0.10916284842330053 0.023864804063731697 0.24483443011357797
decision_type=2 2 2 2 2 2 2 2 2 2 2 2
left_child=1 2 8 -3 9 -6 -7 -2 10 -5 -1 -4
right_child=7 3 11 4 5 6 -8 -9 -10 -11 -12 -13
leaf_value=0.0019380371008723149 0.0024594204643575636 0.019740097272724171 -0.01039585943672337 0.0036212524690101664 0.02137443566902867 -0.0035903467203429857 0.018046371446550979 -0.011604990336170783 0.017504505865099967 -0.0080571720500301515 0.011421631349633239 -0.0017498207506281595
leaf_weight=41.704582318663597 39.970764920115471 60.98017817735672 35.317158445715904 44.254770308732986 65.195317447185516 50.583273947238922 34.171985298395157 24.589417159557343 27.074725598096848 29.237790241837502 27.762490049004555 36.927465811371803
leaf_count=127 121 142 133 138 149 177 81 92 64 108 75 126
internal_value=0.0062082 0.00750587 0.00262126 0.0104063 0.00785633 0.0122041 0.0051538 -0.00288355 0.00903856 -0.00101086 0.00574021 -0.00596026
internal_weight=517.77 453.21 168.786 284.423 223.443 149.951 84.7553 64.5602 96.5418 73.4926 69.4671 72.2446
internal_count=1533 1320 525 795 653 407 258 213 266 246 202 259
is_linear=0
shrinkage=0.0182498


Tree=48
num_leaves=11
num_cat=0
split_feature=12 12 12 12 12 12 12 3 12 7
split_gain=21.853 30.0696 26.1502 21.6543 17.8941 17.2893 14.4605 7.29717 4.31979 4.29713
threshold=-0.087021155187006968 -0.25569949887341331 -0.75395937461762297 0.36661382243086127 0.39415584577324497 0.87088760829746492 0.9733206658324598 -0.4779326859552826 -1.1632783741087656 -0.22993915151328656
decision_type=2 2 2 2 2 2 2 2 2 2
left_child=1 2 8 -2 -5 -6 -7 -8 -1 -3
right_child=3 9 -4 4 5 6 7 -9 -10 -11
leaf_value=9.197026666602615e-05 0.020070989011496881 -0.00099061551415256495 0.01745730132176871 -0.0046389170570019051 0.021917503996735938 -0.00069377183134548988 0.0076613024364211293 0.019696608766057711 0.0068464195033885317 -0.0099548053116811815
leaf_weight=93.781515195965767 55.460841000080109 26.684964820742607 52.064390316605568 34.805973634123802 31.005658149719238 50.922212690114975 46.275111243128777 25.869749754667282 47.151882201433182 52.384090855717659
leaf_count=292 130 95 125 124 71 170 128 61 139 198
internal_value=0.00611149 0.00255566 0.0064343 0.0100706 0.0071314 0.00979624 0.00673411 0.0119751 0.00235847 -0.00690841
internal_weight=516.406 272.067 192.998 244.34 188.879 154.073 123.067 72.1449 140.933 79.0691
internal_count=1533 849 556 684 554 430 359 189 431 293
is_linear=0
shrinkage=0.0182498


Tree=49
num_leaves=11
num_cat=0
split_feature=12 12 12 12 12 12 12 19 3 12
split_gain=21.171 29.0294 25.4397 21.155 17.2934 16.9177 13.9697 9.47401 7.09891 4.16178
threshold=-0.087021155187006968 -0.25569949887341331 -0.75395937461762297 0.36661382243086127 0.39415584577324497 0.87088760829746492 0.9733206658324598 0.43943416493632781 -0.4779326859552826 -1.1632783741087656
decision_type=2 2 2 2 2 2 2 2 2 2
left_child=1 2 9 -2 -5 -6 -7 -3 -8 -1
right_child=3 7 -4 4 5 6 8 -9 -10 -11
leaf_value=9.0239974598046419e-05 0.019842460341525966 -0.0012411282649594714 0.017238297812427795 -0.0045599561272336771 0.021683942115396163 -0.00068159342275261447 0.0075238313939618023 -0.013945251976731516 0.019409081895826602 0.0067192414434670434
leaf_weight=93.781884759664536 55.079434603452682 44.338038638234138 51.767870485782623 34.765906810760498 30.771057784557343 50.915076047182083 46.259438648819923 34.589635625481606 25.77577568590641 47.169788256287575
leaf_count=292 130 152 125 124 71 170 128 141 61 139
internal_value=0.0060143 0.00251318 0.00632642 0.00991879 0.0070161 0.00964003 0.00661759 -0.00679456 0.0117748 0.00231517
internal_weight=515.214 271.647 192.72 243.567 188.487 153.721 122.95 78.9277 72.0352 140.952
internal_count=1533 849 556 684 554 430 359 293 189 431
is_linear=0
shrinkage=0.0182498


Tree=50
num_leaves=13
num_cat=0
split_feature=15 15 15 15 15 15 15 19 15 15 11 15
split_gain=14.3649 19.7772 14.615 37.587 21.9316 23.1823 20.7812 16.1752 13.3058 17.5814 7.27754 13.8809
threshold=-1.3045653859921498 -1.3452905810362619 0.32935437621203967 -0.17951996030249537 -0.20677995093995935 -0.74243380338443699 -0.81649838391902951 -0.076831259902770996 0.3880199409138449 0.91684787581924021 0.58963803456232367 1.4800913007253491
decision_type=2 2 2 2 2 2 2 2 2 2 2 2
left_child=1 -1 3 4 5 6 -2 -8 -4 -10 11 -11
right_child=2 -3 8 -5 -6 -7 7 -9 9 10 -12 -13
leaf_value=0.006453377227071855 0.016170840592091933 -0.01445294822188046 -0.0045046834329742647 0.022669863257925898 -0.0026433932886749194 0.019880664753546613 0.0075290179688489384 -0.012858367385551472 0.017944073593293051 0.0053050223859208529 0.008859916154902104 -0.011451771358837017
leaf_weight=35.375846460461617 30.433485791087151 25.838963642716408 52.935632586479187 58.914115771651268 64.261237427592278 51.482756987214088 25.317899227142334 26.027628242969513 32.442849203944206 44.688164219260216 40.568606108427048 25.707210972905159
leaf_count=100 74 99 185 133 222 120 76 101 78 137 116 92
internal_value=0.00591896 -0.00235837 0.0070404 0.00990809 0.00609691 0.0103121 0.00428884 -0.00278581 0.00329648 0.00617725 0.00272948 -0.000816082
internal_weight=513.994 61.2148 452.78 256.437 197.523 133.262 81.779 51.3455 196.342 143.407 110.964 70.3954
internal_count=1533 199 1334 726 593 371 251 177 608 423 345 229
is_linear=0
shrinkage=0.0182498


Tree=51
num_leaves=10
num_cat=0
split_feature=10 10 10 10 10 10 10 10 10
split_gain=14.6867 23.1311 23.7147 25.7858 22.057 20.3127 14.4382 11.8983 8.59947
threshold=0.61363144105442236 0.10654017972026493 -0.095704417170885528 -0.71108916569644198 0.64619110424230641 1.2501977563384772 -0.74621945342151941 1.3308688868792957 -1.2255271012153091
decision_type=2 2 2 2 2 2 2 2 2
left_child=1 2 3 6 -2 -6 8 -7 -1
right_child=4 -3 -4 -5 5 7 -8 -9 -10
leaf_value=0.0054795306962752994 -0.0091965105505794672 0.019922558438335791 -0.0021503945908807266 0.018481072482427894 0.020551311647864345 -0.0087377046750589174 -0.0012941353780808722 0.0069917817043509394 0.016206355334445106
leaf_weight=66.75961247086525 48.150421783328056 45.10862909257412 86.677169322967529 67.86558236181736 23.551873758435249 25.773629143834114 68.196804732084274 41.307165592908859 39.264481991529465
leaf_count=197 179 106 294 162 54 95 230 120 96
internal_value=0.0058266 0.00770783 0.00602788 0.00895819 0.000762062 0.00605184 0.00524584 0.000951529 0.00945028
internal_weight=512.655 373.872 328.764 242.086 138.783 90.6327 174.221 67.0808 106.024
internal_count=1533 1085 979 685 448 269 523 215 293
is_linear=0
shrinkage=0.0182498


Tree=52
num_leaves=15
num_cat=0
split_feature=18 18 18 18 17 7 19 19 15 18 18 16 15 18
split_gain=19.147 18.2674 15.6685 19.0818 15.029 13.5437 13.0095 9.95672 9.46665 8.61936 7.84761 4.79263 4.3803 4.02651
threshold=-0.87449136224945445 -0.41077831737311216 -0.38698740917641022 0.01817539622676698 0.44480417467383543 0.23239399432400681 -1.119849066025745 1.0159675163273414 -0.17951996030249537 0.11329744257535758 0.57784221621604204 0.3737380734048848 0.32935437621203967 -1.1468790670349711
decision_type=2 2 2 2 2 2 2 2 2 2 2 2 2 2
left_child=7 -2 11 -4 6 -6 -5 8 13 -8 -11 -3 -7 -1
right_child=1 2 3 4 5 12 9 -9 -10 10 -12 -13 -14 -15
leaf_value=-0.016491101353910853 0.018591905298099513 0.0010348243135505487 0.018747249025194795 0.018428290089088632 0.010942476751625334 -0.0022876351618006138 -0.0016575286055708965 0.0065723936073392346 0.0022665846603503858 0.016630345700240443 0.0059250905069308142 -0.01114649983044636 -0.013311591210038727 -0.0050113888628319494
leaf_weight=20.323017776012421 44.530754774808884 25.887086480855942 44.133111640810966 35.368149667978287 20.960112735629082 31.746301308274269 35.500052332878113 38.657910913228989 33.785305321216583 29.779649928212166 93.833868458867073 18.041735246777534 18.96074777841568 19.903698205947876
leaf_count=76 107 89 106 86 59 106 121 116 108 74 274 70 71 70
internal_value=0.00573456 0.00761095 0.00622721 0.00767017 0.00582895 -0.00130148 0.00845848 -0.00089983 -0.00482224 0.0062372 0.00850863 -0.00394044 -0.00640368 -0.0107915
internal_weight=511.412 398.742 354.211 310.282 266.149 71.6672 194.482 112.67 74.012 159.114 123.614 43.9288 50.707 40.2267
internal_count=1533 1163 1056 897 791 236 555 370 254 469 348 159 177 146
is_linear=0
shrinkage=0.0182498


Tree=53
num_leaves=11
num_cat=0
split_feature=12 12 12 12 12 12 12 19 14 10
split_gain=20.0148 26.2791 23.3963 19.5948 15.848 15.8267 12.687 9.09599 7.92011 7.62422
threshold=-0.087021155187006968 -0.25569949887341331 -0.75395937461762297 0.36661382243086127 0.39415584577324497 0.87088760829746492 0.9733206658324598 0.43943416493632781 -0.42258305615141217 -0.095704417170885528
decision_type=2 2 2 2 2 2 2 2 2 2
left_child=1 2 8 -2 -5 -6 -7 -3 -1 -8
right_child=3 7 -4 4 5 6 9 -9 -10 -11
leaf_value=-0.0048559834655717386 0.019144083060935707 -0.0012060374995707193 0.01648089231842001 -0.0044149879542588356 0.021018221144495672 -0.00065395588302521481 0.019658397194933591 -0.013688630780882017 0.0047535708102859021 0.0070669878413552019
leaf_weight=39.526729211211205 53.800973311066628 44.250316813588142 50.652878925204277 34.674925208091736 30.03085458278656 50.851503729820251 23.694984912872314 34.303556740283966 100.8396034091711 47.752286925911903
leaf_count=129 130 152 125 124 71 170 56 141 302 133
internal_value=0.00564181 0.00222794 0.00587744 0.00946327 0.00667555 0.00920555 0.00629667 -0.00664368 0.00204743 0.0112416
internal_weight=510.379 269.573 191.019 240.806 187.005 152.33 122.299 78.5539 140.366 71.4473
internal_count=1533 849 556 684 554 430 359 293 431 189
is_linear=0
shrinkage=0.0182498


Tree=54
num_leaves=6
num_cat=0
split_feature=1 1 14 14 18
split_gain=42.5826 31.0305 37.2011 33.1405 19.0918
threshold=-1.0121650600277829 0.58210830879964603 -0.12945890852088066 0.27843133776975632 -0.35948491136883171
decision_type=2 2 2 2 2
left_child=-1 2 4 -3 -2
right_child=1 3 -4 -5 -6
leaf_value=-0.0060032332007485542 -0.0011859966610706461 0.0095507425551414876 0.018983768318099122 -0.0082530389126271118 0.011470423360704972
leaf_weight=94.973370224237442 76.154377162456512 67.245116233825684 114.10048675537109 70.312686771154404 80.695063561201096
leaf_count=99 70 68 91 66 63
internal_value=0.00495029 0.00750634 0.0110866 0.000475611 0.00534451
internal_weight=503.481 408.508 270.95 137.558 156.849
internal_count=457 358 224 134 133
is_linear=0
shrinkage=0.0182498


end of trees

feature_importances:
Column_18=122
Column_12=119
Column_20=63
Column_0=53
Column_10=51
Column_4=45
Column_19=44
Column_17=38
Column_1=24
Column_15=21
Column_14=20
Column_11=13
Column_3=10
Column_7=10
Column_2=7
Column_6=7
Column_16=7
Column_8=6
Column_9=6
Column_5=5
Column_13=2

parameters:
[boosting: gbdt]
[objective: binary]
[metric: binary_logloss]
[tree_learner: serial]
[device_type: cpu]
[data_sample_strategy: goss]
[data: ]
[valid: ]
[num_iterations: 413]
[learning_rate: 0.0182498]
[num_leaves: 58]
[num_threads: 12]
[seed: 42]
[deterministic: 0]
[force_col_wise: 0]
[force_row_wise: 0]
[histogram_pool_size: -1]
[max_depth: 9]
[min_data_in_leaf: 65]
[min_sum_hessian_in_leaf: 0.001]
[bagging_fraction: 1]
[pos_bagging_fraction: 1]
[neg_bagging_fraction: 1]
[bagging_freq: 0]
[bagging_seed: 400]
[bagging_by_query: 0]
[feature_fraction: 0.353111]
[feature_fraction_bynode: 1]
[feature_fraction_seed: 30056]
[extra_trees: 0]
[extra_seed: 12879]
[early_stopping_round: 0]
[early_stopping_min_delta: 0]
[first_metric_only: 0]
[max_delta_step: 0]
[lambda_l1: 2.63996e-08]
[lambda_l2: 0.000334841]
[linear_lambda: 0]
[min_gain_to_split: 3.88429]
[drop_rate: 0.1]
[max_drop: 50]
[skip_drop: 0.5]
[xgboost_dart_mode: 0]
[uniform_drop: 0]
[drop_seed: 17869]
[top_rate: 0.2]
[other_rate: 0.1]
[min_data_per_group: 100]
[max_cat_threshold: 32]
[cat_l2: 10]
[cat_smooth: 10]
[max_cat_to_onehot: 4]
[top_k: 20]
[monotone_constraints: ]
[monotone_constraints_method: basic]
[monotone_penalty: 0]
[feature_contri: ]
[forcedsplits_filename: ]
[refit_decay_rate: 0.9]
[cegb_tradeoff: 1]
[cegb_penalty_split: 0]
[cegb_penalty_feature_lazy: ]
[cegb_penalty_feature_coupled: ]
[path_smooth: 0.437762]
[interaction_constraints: ]
[verbosity: -1]
[saved_feature_importance_type: 0]
[use_quantized_grad: 0]
[num_grad_quant_bins: 4]
[quant_train_renew_leaf: 0]
[stochastic_rounding: 1]
[linear_tree: 0]
[max_bin: 255]
[max_bin_by_feature: ]
[min_data_in_bin: 3]
[bin_construct_sample_cnt: 200000]
[data_random_seed: 175]
[is_enable_sparse: 1]
[enable_bundle: 1]
[use_missing: 1]
[zero_as_missing: 0]
[feature_pre_filter: 1]
[pre_partition: 0]
[two_round: 0]
[header: 0]
[label_column: ]
[weight_column: ]
[group_column: ]
[ignore_column: ]
[categorical_feature: ]
[forcedbins_filename: ]
[precise_float_parser: 0]
[parser_config_file: ]
[objective_seed: 16083]
[num_class: 1]
[is_unbalance: 0]
[scale_pos_weight: 2.13669]
[sigmoid: 1]
[boost_from_average: 1]
[reg_sqrt: 0]
[alpha: 0.9]
[fair_c: 1]
[poisson_max_delta_step: 0.7]
[tweedie_variance_power: 1.5]
[lambdarank_truncation_level: 30]
[lambdarank_norm: 1]
[label_gain: ]
[lambdarank_position_bias_regularization: 0]
[eval_at: ]
[multi_error_top_k: 1]
[auc_mu_weights: ]
[num_machines: 1]
[local_listen_port: 12400]
[time_out: 120]
[machine_list_filename: ]
[machines: ]
[gpu_platform_id: -1]
[gpu_device_id: -1]
[gpu_use_dp: 0]
[num_gpu: 1]

end of parameters

pandas_categorical:null
