tree
version=v4
num_class=1
num_tree_per_iteration=1
label_index=0
max_feature_idx=4
objective=binary sigmoid:1
feature_names=Column_0 Column_1 Column_2 Column_3 Column_4
feature_infos=[-2.7973742737273324:4.517503253709207] [-1.1610550593590718:4.6343486241000518] [-1.4836606862191271:5.2550919935960216] [-1.30434829718252:4.61798267455345] [-2.1054166910767482:4.368281896138333]
tree_sizes=2524 2216 2442 2532 2222 2332 2016 2025 2330 2240 2444 1084 1081 1084 978 1087 979 1177 1084 1080

Tree=0
num_leaves=23
num_cat=0
split_feature=4 4 4 4 2 2 2 2 2 4 4 4 4 2 3 1 2 4 1 4 4 4
split_gain=37.088 98.3722 80.6611 53.0316 27.1287 29.8635 37.1906 41.7395 34.1808 19.7085 85.9922 24.9008 32.8456 16.1073 14.9182 9.44028 9.91736 8.15537 8.06903 6.71405 4.20073 2.13021
threshold=-0.13393720066018591 -0.58036452847375541 -0.1039316192490523 0.26235384076266205 0.039656819562020065 1.0000000180025095e-35 -0.70816502782599955 -0.76644962287916762 -1.3184938580368575 -0.6757855640068714 -1.0738954650447581 -1.1566517101166898 -1.5896523432360814 0.69515775523657242 0.22558522973894821 -0.34649302539564802 0.15051491677221251 0.84996501080969888 0.41632023021195858 0.84996501080969888 1.330140214355283 0.099676082544495531
decision_type=2 2 2 2 2 2 2 2 2 2 2 2 2 2 2 2 2 2 2 2 2 2
left_child=1 9 18 21 5 6 7 8 20 10 11 12 14 -13 -1 -11 -17 -6 -2 -7 -5 -4
right_child=2 -3 3 4 17 19 -8 -9 -10 15 -12 13 -14 -15 -16 16 -18 -19 -20 -21 -22 -23
leaf_value=-0.30991651732533437 -0.41245641407237632 -0.20359108235118045 -0.20940827455232222 -0.35100340511693245 -0.27035069216563401 -0.40196374712600236 -0.2469404864823776 -0.44843865400674437 -0.24555217849748773 -0.3246971973516618 -0.20735698499644006 -0.36922164561998416 -0.23208346782412873 -0.48470134416293059 -0.43222109898987304 -0.42310444466620106 -0.34421918994035233 -0.33989007569423374 -0.47700122481313728 -0.47787060475536902 -0.4089092973025526 -0.26009922372625605
leaf_weight=13.123267620801927 33.293127208948135 54.431957229971886 18.017137229442596 17.823343142867088 35.430818423628807 17.231940120458603 22.857784405350685 33.351360023021698 23.408018007874489 21.914952248334885 38.785442471504211 21.80349700152874 18.666773065924644 15.469784066081045 17.021082639694214 31.402452513575554 19.163784235715866 22.564588084816933 27.339959815144539 16.739939332008362 18.431809559464455 19.796356678009033
leaf_count=34 109 104 35 51 83 55 50 117 51 59 75 65 39 58 58 105 54 63 101 62 60 45
internal_value=-0.331995 -0.307177 -0.352476 -0.330295 -0.347688 -0.367468 -0.3464 -0.371123 -0.327493 -0.335881 -0.314857 -0.36359 -0.322744 -0.416468 -0.37969 -0.372444 -0.393661 -0.297028 -0.441912 -0.438584 -0.381057 -0.235399
internal_weight=558.069 251.783 306.286 245.653 207.84 149.844 115.872 93.0145 59.6632 197.351 124.87 86.0844 48.8111 37.2733 30.1444 72.4812 50.5662 57.9954 60.6331 33.9719 36.2552 37.8135
internal_count=1533 651 882 672 592 446 329 279 162 547 329 254 131 123 92 218 159 146 210 117 111 80
is_linear=0
shrinkage=1


Tree=1
num_leaves=20
num_cat=0
split_feature=2 2 2 2 2 2 2 2 4 2 4 4 0 0 3 0 3 1 4
split_gain=30.1814 84.0547 106.276 66.2049 53.7836 51.7663 27.5644 41.7415 24.0014 21.848 11.6676 13.7002 9.96936 8.43477 7.23508 5.47496 3.50939 2.9971 1.854
threshold=-0.70816502782599955 1.0000000180025095e-35 0.039656819562020065 0.69515775523657242 -0.76644962287916762 -1.3184938580368575 0.80938522878667241 1.3851947983951771 0.099676082544495531 1.5257427167871886 -0.13393720066018591 -1.0116471422442397 0.35498682647649898 1.4875639438045531 -0.37499835410479643 0.161826513048246 -0.6369075189988479 -0.48927718165818918 0.84996501080969888
decision_type=2 2 2 2 2 2 2 2 2 2 2 2 2 2 2 2 2 2 2
left_child=4 16 12 17 5 14 8 -8 10 -9 11 -5 18 -6 -1 -16 -2 -4 -3
right_child=1 2 3 6 13 -7 7 9 -10 -11 -12 -13 -14 -15 15 -17 -18 -19 -20
leaf_value=-0.0070758367123370325 0.12352954130592089 -0.034216511014619706 0.13199249567346785 -0.042829973927934584 -0.031654968167262237 0.15339170438976957 0.18235174465478035 -0.0025989947008016271 0.0844100822795842 0.10295445598879552 -0.090651377479403619 0.066474911399062656 0.018140684402391576 0.043450111112192831 0.017245342591011903 0.087409116503323878 0.17456134555817782 0.17810205225633763 -0.072666189549633262
leaf_weight=25.872444376349449 17.028467088937759 40.07180467247963 20.826111704111099 18.03647097945213 62.761987432837486 41.277561351656914 27.721573770046234 27.895599454641342 28.598105490207672 30.383103474974632 11.893531888723372 16.401893109083179 27.831394180655479 13.473817750811575 17.984607860445976 17.528386190533638 57.903930723667145 45.944249659776688 14.99370628595352
leaf_count=84 38 139 46 64 218 85 52 90 73 74 46 44 86 39 55 45 111 87 57
internal_value=0.0667356 0.080476 0.0604268 0.0911102 0.0369926 0.0780743 0.0607022 0.0943342 0.0217641 0.052041 -0.0164276 0.00850659 -0.0235468 -0.0180196 0.027041 0.052534 0.163231 0.164028 -0.0451236
internal_weight=564.429 385.53 310.598 227.701 178.899 102.663 160.93 86.0003 74.93 58.2787 46.3319 34.4384 82.8969 76.2358 61.3854 35.513 74.9324 66.7704 55.0655
internal_count=1533 1007 858 576 526 269 443 216 227 164 154 108 282 257 184 100 149 133 196
is_linear=0
shrinkage=0.0868941


Tree=2
num_leaves=22
num_cat=0
split_feature=4 4 4 4 4 4 4 4 4 4 4 4 2 3 1 2 1 2 1 1 2
split_gain=25.7611 67.0736 55.6211 37.7045 24.41 36.8884 16.9334 21.7792 14.0686 58.7654 17.1571 22.0483 12.9097 11.7826 6.77649 6.94122 6.62688 5.63901 3.23891 6.60911 1.86915
threshold=-0.13393720066018591 -0.58036452847375541 -0.1039316192490523 0.84996501080969888 0.43234812051237081 0.26235384076266205 0.91639633724233949 1.330140214355283 -0.6757855640068714 -1.0738954650447581 -1.1566517101166898 -1.5896523432360814 0.69515775523657242 0.22558522973894821 -0.34649302539564802 0.15051491677221251 0.41632023021195858 -0.60243961390693312 -0.34649302539564802 0.051247315086938208 1.0000000180025095e-35
decision_type=2 2 2 2 2 2 2 2 2 2 2 2 2 2 2 2 2 2 2 2 2
left_child=1 8 16 4 5 -4 20 -8 9 10 11 13 -12 -1 -10 -16 -2 -7 -9 -20 -5
right_child=2 -3 3 6 -6 17 7 18 14 -11 12 -13 -14 -15 15 -17 -18 -19 19 -21 -22
leaf_value=0.081763642831693725 -0.0046769835614131477 0.16474113124905779 0.13723874625719396 -0.0036374395911152641 0.15631638546670928 -0.0039522953189164841 0.13296989700189477 0.043445425023764028 0.066343726636705541 0.16162144942974088 0.031829166763076497 0.14017946147063923 -0.071982732775094996 -0.026284894505177906 -0.016390555737377792 0.049213577188930283 -0.063666002875434641 0.048779078075442663 -0.045608035896827888 0.037139659968228385 -0.043565941493964894
leaf_weight=13.418353572487833 33.127543121576309 56.625018060207367 39.290449202060699 20.618564367294312 34.118932321667671 22.680439069867134 17.50902384519577 26.372329115867615 22.442437559366226 40.344381645321846 22.00966876745224 19.391177922487259 15.134133279323576 17.00141952931881 31.317804425954819 19.577057391405106 26.707242593169212 42.171601846814156 12.717230096459391 16.854094594717026 17.629021048545837
leaf_count=34 109 104 80 66 66 74 37 75 59 75 65 39 58 58 105 54 101 117 46 49 62
internal_value=0.0606184 0.0810498 0.0435729 0.0616154 0.0920052 0.0706965 0.0237897 0.0482862 0.0573007 0.0748616 0.0343151 0.0676685 -0.00979103 0.0206535 0.0264811 0.00838887 -0.0313702 0.0299787 0.0213257 0.000743171 -0.0226372
internal_weight=567.058 257.261 309.796 249.962 138.261 104.142 111.7 73.4527 200.636 127.299 86.9548 49.811 37.1438 30.4198 73.3373 50.8949 59.8348 64.852 55.9437 29.5713 38.2476
internal_count=1533 651 882 672 337 271 335 207 547 329 254 131 123 92 218 159 210 191 170 95 128
is_linear=0
shrinkage=0.0868941


Tree=3
num_leaves=23
num_cat=0
split_feature=4 4 4 4 4 4 4 4 4 4 4 4 2 3 1 1 1 2 3 4 1 4
split_gain=21.5298 56.1414 46.3064 31.2495 20.2085 30.7529 14.1186 17.9709 11.8022 49.0528 14.2665 18.3515 10.935 9.75181 5.66993 5.57774 5.97836 4.67276 2.70181 4.85435 2.43993 1.81478
threshold=-0.13393720066018591 -0.58036452847375541 -0.1039316192490523 0.84996501080969888 0.43234812051237081 0.26235384076266205 0.91639633724233949 1.330140214355283 -0.6757855640068714 -1.0738954650447581 -1.1566517101166898 -1.5896523432360814 0.69515775523657242 0.22558522973894821 0.41632023021195858 -0.34649302539564802 -0.18666418511742197 -0.60243961390693312 -0.55211750647650404 1.8975497177539722 1.1859327313558767 0.099676082544495531
decision_type=2 2 2 2 2 2 2 2 2 2 2 2 2 2 2 2 2 2 2 2 2 2
left_child=1 8 14 4 5 21 -5 -8 9 10 11 13 -12 -1 -2 -10 -17 -7 -9 -20 -18 -4
right_child=2 -3 3 6 -6 17 7 18 15 -11 12 -13 -14 -15 -16 16 20 -19 19 -21 -22 -23
leaf_value=0.073965352727248787 -0.0042730408221314676 0.15073675823761629 0.14799899642687728 -0.0208230081569633 0.14223195286811052 -0.0036165899975809392 0.12065001137696241 0.039814361799660782 0.060122843666114263 0.14779127326208433 0.028907126175828225 0.12783869263943737 -0.067051279825386639 -0.024145530358647527 -0.059165898793156889 -0.032968705745868576 0.048654725617442031 0.044264346408048959 -0.026695261282346002 0.044671206746764155 6.9925503743596009e-05 0.1032353561445624
leaf_weight=13.540406167507173 33.094873487949371 56.509351998567581 18.739073425531387 38.08229760825634 34.232139870524406 22.662780746817589 17.616446435451508 26.141033291816711 22.606470391154289 40.286582767963409 22.126685306429863 19.414691120386124 14.850741520524023 16.909659773111343 26.262880638241768 17.414563938975334 20.032439902424812 42.423484027385712 18.083311721682552 11.835255622863768 13.461400404572485 20.611318498849869
leaf_count=34 109 104 35 128 66 74 37 76 59 75 65 39 58 58 101 59 57 117 61 33 43 45
internal_value=0.0553617 0.0740548 0.0397657 0.0561508 0.0837637 0.064361 0.021679 0.043969 0.0523293 0.068452 0.0313543 0.0617095 -0.008953 0.0187538 -0.0289312 0.0241125 0.00761058 0.0272336 0.01942 0.000757676 0.0294369 0.12511
internal_weight=566.938 257.153 309.785 250.427 138.669 104.437 111.758 73.676 200.644 127.129 86.8422 49.8648 36.9774 30.4501 59.3578 73.5149 50.9084 65.0863 56.0596 29.9186 33.4938 39.3504
internal_count=1533 651 882 672 337 271 335 207 547 329 254 131 123 92 210 218 159 191 170 94 100 80
is_linear=0
shrinkage=0.0868941


Tree=4
num_leaves=20
num_cat=0
split_feature=2 2 2 2 2 2 2 2 4 2 4 4 0 0 1 0 0 3 1
split_gain=19.3558 53.0302 70.692 39.9175 33.8428 35.4913 17.5154 27.4751 16.227 12.9417 8.65508 8.48753 7.61733 6.05379 6.46296 5.95052 5.01102 2.91636 2.21304
threshold=0.039656819562020065 1.0000000180025095e-35 -0.70816502782599955 0.69515775523657242 -0.76644962287916762 -1.3184938580368575 0.80938522878667241 1.3851947983951771 0.099676082544495531 1.5257427167871886 -0.13393720066018591 -1.0116471422442397 0.35498682647649898 1.0895504852204398 0.65739850230994334 1.4875639438045531 0.20485628010339132 -0.6369075189988479 -0.48927718165818918
decision_type=2 2 2 2 2 2 2 2 2 2 2 2 2 2 2 2 2 2 2
left_child=1 2 4 18 5 13 8 -8 10 -9 11 -5 -3 14 16 -6 -1 -4 -2
right_child=3 12 17 6 15 -7 7 9 -10 -11 -12 -13 -14 -15 -16 -17 -18 -19 -20
leaf_value=-0.019978856822734779 0.099411846606412294 -0.042038804584167283 0.091975305684174724 -0.036438273532341275 -0.028336303880866637 0.12173513514289197 0.14478057837935457 -0.0030065012301235838 0.066415606039810157 0.077980057501980421 -0.081614659144345375 0.049897996924739126 0.01312066420857518 -0.025712662829638272 0.081798758681911776 0.034330893622231087 0.050877895407777797 0.13806877947528501 0.13914875430472731
leaf_weight=16.820810183882717 21.026867166161537 54.358928173780441 17.128626048564911 17.513325586915013 62.030357629060745 41.544907331466675 27.83946430683136 27.755809158086777 29.046882346272469 30.677833646535873 11.472804367542265 16.635707512497905 28.050333365797997 17.09460437297821 14.691974326968191 13.655312344431875 13.205680906772612 58.038129270076752 45.985268667340279
leaf_count=55 46 196 38 64 218 85 52 90 73 74 46 44 86 56 37 39 36 111 87
internal_value=0.0507961 0.0374033 0.0570636 0.0704658 0.02721 0.0595728 0.0467722 0.0735003 0.0155546 0.0391173 -0.016334 0.00489378 -0.0229373 0.0174061 0.0344153 -0.0166742 0.0104168 0.127839 0.126999
internal_weight=564.574 336.62 254.21 227.954 179.044 103.358 160.942 86.2731 74.6687 58.4336 45.6218 34.149 82.4093 61.8131 44.7185 75.6857 30.0265 75.1668 67.0121
internal_count=1533 957 675 576 526 269 443 216 227 164 154 108 282 184 128 257 91 149 133
is_linear=0
shrinkage=0.0868941


Tree=5
num_leaves=21
num_cat=0
split_feature=1 1 1 1 1 1 4 4 3 2 1 4 2 0 3 3 2 3 3 3
split_gain=16.9068 53.4711 49.5035 36.4213 36.0887 32.5696 8.07131 7.64523 6.7132 10.7332 5.84806 5.73548 4.915 5.29852 5.07826 6.50481 3.68874 3.29061 3.21967 2.17567
threshold=-0.34649302539564802 -0.30356774284540028 0.41632023021195858 0.50595850287149524 1.1859327313558767 -1.0058211430049282 0.26235384076266205 0.84996501080969888 0.22558522973894821 1.0000000180025095e-35 2.0471146150787769 -0.13393720066018591 1.0000000180025095e-35 1.0895504852204398 0.22558522973894821 0.63792160131509335 -0.34613677135739712 -0.37499835410479643 0.22558522973894821 0.22558522973894821
decision_type=2 2 2 2 2 2 2 2 2 2 2 2 2 2 2 2 2 2 2 2
left_child=5 18 6 11 -5 7 -3 12 10 -10 16 -4 13 -1 -14 -16 -6 -9 -2 -13
right_child=1 2 3 4 8 -7 -8 17 9 -11 -12 19 14 -15 15 -17 -18 -19 -20 -21
leaf_value=0.11104246992702402 -0.0062386020195939751 0.1360086995898494 0.0050984497187248961 0.12530708171125959 0.027559431115431632 0.11764134116833395 0.072894762632010279 -0.018250124034289265 0.041741870687292897 -0.057670234367572376 0.00049766847244194878 -0.065368081998677649 0.06859467021203261 0.045228041182623933 -0.031024447573461147 0.045415746935705908 0.088657623089253387 0.033661317226809276 -0.039254573363786009 -0.017393383414653723
leaf_weight=20.35020537674427 55.157245427370071 50.028379410505295 29.849345251917839 41.33200977742672 13.586928457021711 65.339872658252716 24.956027314066887 17.717734411358833 17.241235837340355 15.44034683704376 16.009691268205643 19.902424857020378 25.13617305457592 19.966510340571404 13.103568330407141 22.14426226913929 21.130873754620552 18.474752202630043 39.96332573890686 13.61644524335861
leaf_count=44 180 95 95 82 40 134 59 58 49 57 50 74 63 55 44 61 52 51 141 49
internal_value=0.0467643 0.0352819 0.0554894 0.0315214 0.0588138 0.0669814 0.115285 0.0426216 0.0255691 -0.00445716 0.0453736 -0.0218209 0.0549618 0.079026 0.0384964 0.0163161 0.0654143 0.00761195 -0.0203461 -0.0465745
internal_weight=560.447 358.214 263.094 188.109 124.741 202.233 74.9844 136.893 83.4091 32.6816 50.7275 63.3682 100.701 40.3167 60.384 35.2478 34.7178 36.1925 95.1206 33.5189
internal_count=1533 1023 702 548 330 510 154 376 248 106 142 218 267 99 168 105 92 109 321 123
is_linear=0
shrinkage=0.0868941


Tree=6
num_leaves=18
num_cat=0
split_feature=2 2 2 2 2 2 2 2 0 2 3 0 0 0 0 3 4
split_gain=15.2703 38.8718 54.4378 30.7244 25.0387 28.1259 13.1724 21.7161 13.8447 9.4387 6.17459 6.08593 4.90239 5.38363 4.88836 2.79718 2.22402
threshold=0.039656819562020065 1.0000000180025095e-35 -0.70816502782599955 0.69515775523657242 -0.76644962287916762 -1.3184938580368575 0.80938522878667241 1.3851947983951771 -0.8667440181559517 1.5257427167871886 0.22558522973894821 0.35498682647649898 1.0895504852204398 -0.17446766639812153 1.4875639438045531 -0.6369075189988479 -0.049377035271901369
decision_type=2 2 2 2 2 2 2 2 2 2 2 2 2 2 2 2 2
left_child=1 2 4 16 5 12 8 -8 -5 -9 -10 -3 13 -1 -6 -4 -2
right_child=3 11 15 6 14 -7 7 9 10 -11 -12 -13 -14 -15 -16 -17 -18
leaf_value=-0.0041966897207569341 0.12622206073930972 -0.037993626781727387 0.076338078265948212 0.080945839609047041 -0.026412762928238541 0.10621400565053882 0.12819111503191533 -0.0028687579817881616 0.01930728265741833 0.066358322739879863 -0.037694784462831768 0.01132355283684206 -0.026165749992455984 0.055213267153573477 0.030230319033478302 0.12160192406896699 0.088611604339408012
leaf_weight=20.102508470416069 38.542733237147331 53.636204540729523 16.745813354849815 17.250293582677841 61.62456426024437 40.647308826446533 26.861657455563545 27.713752418756485 29.704782262444496 30.410154730081558 27.21265871822834 28.112840175628662 17.041964516043663 24.747272327542305 13.720956340432165 56.000348821282387 26.313896521925926
leaf_count=63 75 196 38 42 218 85 52 90 88 74 97 86 56 65 39 111 58
internal_value=0.0430607 0.0310938 0.0480908 0.0607075 0.0220307 0.0500186 0.0399338 0.0633458 0.0127706 0.0329519 -0.00750954 -0.0207097 0.0127233 0.0280283 -0.0157448 0.11147 0.111302
internal_weight=556.39 332.38 250.631 224.01 177.885 102.539 159.153 84.9856 74.1677 58.1239 56.9174 81.749 61.8917 44.8498 75.3455 72.7462 64.8566
internal_count=1533 957 675 576 526 269 443 216 227 164 185 282 184 128 257 149 133
is_linear=0
shrinkage=0.0868941


Tree=7
num_leaves=18
num_cat=0
split_feature=4 4 4 4 4 4 4 4 4 4 3 4 1 2 2 3 0
split_gain=14.8324 18.806 14.6777 37.5387 24.9703 16.8722 9.73595 11.0681 7.41185 31.9599 10.5105 6.47761 4.58291 4.25409 3.05974 2.37747 1.91593
threshold=0.84996501080969888 0.43234812051237081 -0.13393720066018591 -0.58036452847375541 -0.1039316192490523 0.26235384076266205 0.91639633724233949 1.330140214355283 -0.6757855640068714 -1.0738954650447581 0.96262524150246154 -1.1566517101166898 0.41632023021195858 -0.60243961390693312 -0.60243961390693312 -0.55211750647650404 0.56699757929295591
decision_type=2 2 2 2 2 2 2 2 2 2 2 2 2 2 2 2 2
left_child=1 2 3 8 12 -6 -2 -8 9 10 11 -1 16 -10 -7 -9 -4
right_child=6 -3 4 -5 5 14 7 15 13 -11 -12 -13 -14 -15 -16 -17 -18
leaf_value=0.064804684135372881 -0.024423702208693592 0.11117146006281142 0.016830037907412877 0.12090331164670141 0.093949718691687625 -0.0050290621606859411 0.09119737362779147 0.029775068515140894 -0.018800276930839056 0.11791561561093218 -0.023640339080383106 0.0042685229703356203 -0.051827991650794519 0.02796017559136528 0.033726454090136311 -0.0056175974981110492 -0.025045352767252289
leaf_weight=35.746528655290604 37.668595895171165 32.311325803399086 17.588102504611015 52.024665132164955 37.091725155711174 22.55830106139183 17.007639065384865 26.145195960998535 19.488935768604279 37.228147834539413 26.643541276454926 22.635709717869759 25.365781337022781 53.828765705227852 42.170571595430374 29.588317513465881 15.214504346251486
leaf_count=90 128 66 57 104 80 74 37 76 64 75 90 74 101 154 117 94 52
internal_value=0.0398141 0.0469778 0.0418246 0.0551385 0.0210688 0.0470834 0.0110596 0.0297616 0.0375131 0.0506929 0.0209636 0.0417292 -0.024053 0.0152005 0.0198545 0.010564 -0.00187566
internal_weight=550.306 439.897 407.585 247.596 159.989 101.821 110.41 72.7412 195.572 122.254 85.0258 58.3822 58.1684 73.3177 64.7289 55.7335 32.8026
internal_count=1533 1198 1132 651 481 271 335 207 547 329 254 164 210 218 191 170 109
is_linear=0
shrinkage=0.0868941


Tree=8
num_leaves=21
num_cat=0
split_feature=4 4 4 4 4 4 4 4 3 4 4 4 2 4 0 3 2 1 3 3
split_gain=12.7273 16.5148 12.5768 33.6476 21.0373 14.765 8.15929 9.4991 6.50935 7.22332 21.9474 6.73751 7.67951 5.48598 4.23164 2.70428 2.55582 1.98457 1.98063 1.96429
threshold=0.84996501080969888 0.43234812051237081 -0.13393720066018591 -0.58036452847375541 -0.1039316192490523 0.26235384076266205 0.91639633724233949 1.330140214355283 1.8334507099174902 -0.6757855640068714 -1.0738954650447581 -1.1566517101166898 0.69515775523657242 -1.5896523432360814 -0.47866416325409727 0.43004778420716089 -0.60243961390693312 -0.34649302539564802 -0.55211750647650404 0.22558522973894821
decision_type=2 2 2 2 2 2 2 2 2 2 2 2 2 2 2 2 2 2 2 2
left_child=1 2 3 8 14 -6 -2 -8 9 10 11 13 -13 -1 -4 19 -7 -16 -9 -11
right_child=6 -3 4 -5 5 16 7 18 -10 15 -12 12 -14 -15 17 -17 -18 -19 -20 -21
leaf_value=0.024662359434930805 -0.022401291153906142 0.10458747875914255 -0.067191323633801009 0.11473551263599761 0.087951535639291631 -0.0046000907082574625 0.084835590411728834 0.027103536396516414 -0.009658230655966887 0.01887176819365885 0.11245308634034537 0.03230550895037608 -0.053856700695154941 0.09160892502934613 0.015833024064070583 0.048385589149302834 0.03075181104852789 -0.022254497993608027 -0.0051343468353177053 -0.017390210647361244
leaf_weight=26.05596087872982 37.512113720178604 31.402935355901718 12.481326714158056 50.14284385740757 36.219021737575531 22.536730170249939 16.709304288029671 26.224612668156624 21.418468192219734 33.014457821846008 33.655206501483917 19.117133289575577 13.074216738343237 15.562542885541914 14.865485012531279 15.734727203845976 42.229242861270905 30.373582512140274 29.570270791649818 16.499765276908875
leaf_count=75 128 66 51 104 80 74 37 76 69 95 70 55 52 34 47 43 117 112 94 54
internal_value=0.0368048 0.0435079 0.0386834 0.051116 0.0193949 0.0433825 0.0101244 0.0272812 0.0345516 0.040179 0.0541267 0.0271936 -0.00191889 0.0502758 -0.022154 0.0168432 0.0180844 -0.0092021 0.00959589 0.0062976
internal_weight=544.4 434.384 402.981 244.275 158.705 100.985 110.016 72.5042 194.132 172.714 107.465 73.8099 32.1914 41.6185 57.7204 65.249 64.766 45.2391 55.7949 49.5142
internal_count=1533 1198 1132 651 481 271 335 207 547 478 286 216 107 109 210 192 191 159 170 149
is_linear=0
shrinkage=0.0868941


Tree=9
num_leaves=20
num_cat=0
split_feature=1 1 1 1 1 1 4 4 3 2 1 4 2 4 0 0 3 2 3
split_gain=11.1718 33.5889 31.6662 22.6356 22.3808 24.7007 7.29307 5.7755 4.76039 8.34037 4.58658 4.27852 3.83353 6.48701 3.46771 2.92601 2.48991 2.4358 2.28362
threshold=-0.34649302539564802 -0.30356774284540028 0.41632023021195858 -0.7587756791622905 0.50595850287149524 1.1859327313558767 0.26235384076266205 0.84996501080969888 0.22558522973894821 1.0000000180025095e-35 2.0471146150787769 -0.13393720066018591 1.0000000180025095e-35 -0.88055479627326749 1.0895504852204398 -0.22641061172044838 0.22558522973894821 0.20953515899292682 0.22558522973894821
decision_type=2 2 2 2 2 2 2 2 2 2 2 2 2 2 2 2 2 2 2
left_child=3 18 6 7 11 -6 -3 12 10 -10 -7 -4 14 -14 -1 -9 -13 -15 -2
right_child=1 2 4 -5 5 8 -8 15 9 -11 -12 16 13 17 -16 -17 -18 -19 -20
leaf_value=0.090747775433292543 -0.0074324832103205849 0.11286776162992931 0.0032711503133223633 0.095543041676258114 0.10266841096808982 0.052089394977834026 0.050903542312706183 -0.019474166188477093 0.032391110967911842 -0.056467332052471245 -0.0033144515146080918 -0.061624074462021457 -0.023618832902248078 0.014449517950670909 0.03633250867548464 0.031209493966475269 -0.010284866195082705 0.058530992006781378 -0.035549386903804249
leaf_weight=18.953575283288956 55.038866817951202 44.71062807738781 29.797241643071175 59.716860592365265 37.526535198092461 33.604015722870827 23.61865858733654 21.375571325421333 16.735662877559665 14.926805004477499 15.703162863850592 19.412417829036713 13.948157936334608 16.461590796709061 20.438391014933586 14.270899295806883 13.220462292432783 28.962546616792679 39.41050498187542
leaf_count=44 180 95 95 131 82 92 59 67 49 57 50 74 47 48 57 42 49 74 141
internal_value=0.0340797 0.0245317 0.0412812 0.050858 0.0220767 0.0443134 0.0917685 0.0308217 0.0169632 -0.00871014 0.0339272 -0.0197417 0.0416364 0.0269818 0.0631126 0.000176099 -0.0415419 0.0430692 -0.0194075
internal_weight=537.833 343.705 249.256 194.128 180.926 118.496 68.3293 134.411 80.9696 31.6625 49.3072 62.4301 98.7643 59.3723 39.392 35.6465 32.6329 45.4241 94.4494
internal_count=1533 1023 702 510 548 330 154 379 248 106 142 218 270 169 101 109 123 122 321
is_linear=0
shrinkage=0.0868941


Tree=10
num_leaves=22
num_cat=0
split_feature=4 4 4 4 4 4 0 0 0 4 4 3 1 1 4 2 2 1 2 0 0
split_gain=10.0709 13.8436 10.3068 28.7294 16.0534 11.3614 6.87936 15.6932 8.4846 5.4773 23.639 7.98895 4.33806 4.28673 4.18329 3.96509 3.49404 3.43727 2.59314 2.38112 1.91272
threshold=0.84996501080969888 0.43234812051237081 -0.13393720066018591 -0.58036452847375541 -0.1039316192490523 0.099676082544495531 -0.8667440181559517 -1.30392133102196 -0.24511841099686724 -0.6757855640068714 -1.0738954650447581 0.88287513263706485 0.15784955012565552 -0.7587756791622905 -1.1566517101166898 1.0000000180025095e-35 -0.60243961390693312 0.41632023021195858 1.0000000180025095e-35 -1.6860761351265909 0.56699757929295591
decision_type=2 2 2 2 2 2 2 2 2 2 2 2 2 2 2 2 2 2 2 2 2
left_child=1 2 3 9 17 -6 7 19 15 10 11 14 13 -7 -1 -8 -11 20 -14 -2 -4
right_child=6 -3 4 -5 5 12 8 -9 -10 16 -12 -13 18 -15 -16 -17 -18 -19 -20 -21 -22
leaf_value=0.054168143832522317 0.019393327875479462 0.095206923332897542 0.017175194700574006 0.10601813177799085 0.10397117274440601 0.0067197672028870394 -0.012931877693254641 0.10615409897578734 0.026502947006532031 -0.020432740099157898 0.102980629226189 -0.022121586139387226 -0.032214573285615923 0.058415016695073693 0.004682509163520289 -0.072420968774874764 0.02207521928265558 -0.045343327942657975 0.019475382670112812 -0.02948126860750416 -0.024726615202417333
leaf_weight=34.074054226279259 16.742351844906807 29.692018777132034 17.558012396097183 46.564750492572784 16.115036010742188 21.167769223451614 22.322314664721489 15.038468748331068 26.657643392682076 19.448267862200737 33.517526462674141 26.987419918179512 12.953827157616617 32.165731206536293 22.495703235268593 14.911135777831076 53.667682841420174 24.504419669508934 16.424114376306534 13.434885650873186 15.18558821082115
leaf_count=88 48 66 57 104 35 62 73 32 78 64 75 92 44 83 74 59 154 101 47 45 52
internal_value=0.0315326 0.0376247 0.0332063 0.044688 0.0156341 0.0369225 0.00772358 0.0337611 -0.0103404 0.0295379 0.0412572 0.0161962 0.0235501 0.0383358 0.0349009 -0.0373934 0.0104366 -0.0206936 -0.00246918 -0.00152534 -0.00153676
internal_weight=531.629 422.522 392.83 236.755 156.074 98.8265 109.107 45.2157 63.8911 190.191 117.075 83.5572 82.7114 53.3335 56.5698 37.2335 73.116 57.248 29.3779 30.1772 32.7436
internal_count=1533 1198 1132 651 481 271 335 125 210 547 329 254 236 145 162 132 218 210 91 93 109
is_linear=0
shrinkage=0.0868941


Tree=11
num_leaves=9
num_cat=0
split_feature=1 2 0 3 4 4 0 4
split_gain=34.8481 21.7759 21.5131 24.2003 21.5025 37.3582 11.7026 7.07097
threshold=0.50595850287149524 1.4916390126000907 -0.24511841099686724 0.43004778420716089 -0.049377035271901369 -0.36475310018588564 -0.27014992189575493 -0.91331667829199603
decision_type=2 2 2 2 2 2 2 2
left_child=1 2 3 -1 5 7 -2 -4
right_child=6 -3 4 -5 -6 -7 -8 -9
leaf_value=-0.048040951810204215 0.043006196431899471 0.067357974581935223 0.0099079351114167973 0.034675584984447429 0.056185104591947928 -0.061202271581103404 0.10063956989953991 0.056766651625353083
leaf_weight=81.210812985897064 55.191565454006195 55.809836149215698 51.097019910812378 39.212197810411453 95.000359356403351 46.340572535991669 54.923943936824799 48.723239600658417
leaf_count=72 51 44 51 44 77 33 38 47
internal_value=0.0284264 0.0168821 0.00900632 -0.0208554 0.0240212 0.00295047 0.0719298 0.0329915
internal_weight=527.51 417.394 361.584 120.423 241.161 146.161 110.116 99.8203
internal_count=457 368 324 116 208 131 89 98
is_linear=0
shrinkage=0.0868941


Tree=12
num_leaves=9
num_cat=0
split_feature=4 4 1 1 2 4 2 4
split_gain=22.035 27.4454 20.9474 15.9295 19.3223 11.7482 11.5904 7.91393
threshold=-0.13393720066018591 -1.0738954650447581 0.50595850287149524 0.11349611554494966 -0.65057115492251272 0.78348513165632816 1.0000000180025095e-35 -1.1566517101166898
decision_type=2 2 2 2 2 2 2 2
left_child=1 7 3 4 -2 -6 -3 -1
right_child=2 6 -4 -5 5 -7 -8 -9
leaf_value=0.037720242812494649 -0.019877643890325414 0.10241232124402613 0.065087171309549746 -0.042794831559535972 0.056783813489830776 0.00050204917516619282 0.053415358572662511 -0.016495390297948557
leaf_weight=40.832296133041382 71.24245297908783 64.156465351581573 54.54518586397171 42.235062569379807 79.142699420452118 44.401747584342957 91.970300912857056 39.391423761844635
leaf_count=42 68 37 50 39 66 46 70 39
internal_value=0.0326946 0.0524505 0.0165955 0.0053096 0.0158791 0.0367192 0.0736957 0.0108614
internal_weight=527.918 236.35 291.567 237.022 194.787 123.544 156.127 80.2237
internal_count=457 188 269 219 180 112 107 81
is_linear=0
shrinkage=0.0868941


Tree=13
num_leaves=9
num_cat=0
split_feature=1 1 1 1 4 1 2 2
split_gain=45.954 20.8715 36.3597 28.9431 26.5776 18.5874 7.68452 1.92345
threshold=-0.34649302539564802 -0.18666418511742197 0.41632023021195858 0.50595850287149524 -0.13393720066018591 -1.0058211430049282 1.0000000180025095e-35 0.69515775523657242
decision_type=2 2 2 2 2 2 2 2
left_child=5 7 -3 -4 -5 6 -1 -2
right_child=1 2 3 4 -6 -7 -8 -9
leaf_value=0.063793616545907525 -0.014085464878675054 0.087419108596566361 -0.037204741792534385 0.080574018600931829 -0.0016192645153303644 0.10444398906976303 0.018737538145184432 -0.04006710831709407
leaf_weight=65.504507482051849 53.183956861495972 51.079775631427765 74.797860562801361 49.181673109531403 72.764235496520996 57.421742081642151 53.746727883815765 41.308486819267273
leaf_count=57 53 35 69 35 60 49 60 39
internal_value=0.0275833 0.0089312 0.0222202 0.00514705 0.0313204 0.0635743 0.043706 -0.0256616
internal_weight=518.989 342.316 247.824 196.744 121.946 176.673 119.251 94.4924
internal_count=457 291 199 164 95 166 117 92
is_linear=0
shrinkage=0.0868941


Tree=14
num_leaves=8
num_cat=0
split_feature=0 3 2 1 3 3 0
split_gain=28.8667 27.1199 29.123 18.7111 19.1557 23.0969 13.4158
threshold=-0.5747779965258496 0.34929087907656931 -0.76644962287916762 -0.7587756791622905 -0.42575865286354536 -0.55211750647650404 -0.8667440181559517
decision_type=2 2 2 2 2 2 2
left_child=6 2 -2 -4 5 -5 -1
right_child=1 -3 3 4 -6 -7 -8
leaf_value=0.0080686623628745281 0.084882913596522114 0.076618894209229141 -0.029709565594617748 0.041173632418737137 0.066233722237293638 -0.034792940647929281 -0.047386162518525218
leaf_weight=84.278590649366379 44.631835967302322 84.37281745672226 68.636723190546036 61.918300837278366 54.72842088341713 58.456132918596268 53.2269566655159
leaf_count=88 46 66 62 49 43 55 48
internal_value=0.0206724 0.0332404 0.0204562 0.00852924 0.0236643 0.00409922 -0.0132029
internal_weight=510.25 372.744 288.371 243.74 175.103 120.374 137.506
internal_count=457 321 255 209 147 104 136
is_linear=0
shrinkage=0.0868941


Tree=15
num_leaves=9
num_cat=0
split_feature=3 3 3 1 1 1 0 3
split_gain=41.5339 50.0012 35.0751 29.7682 17.8991 15.0148 9.08399 4.15044
threshold=0.22558522973894821 -0.48649807930966948 -0.55211750647650404 0.41632023021195858 -0.52377636722873389 -0.23988458100027646 0.070646564668749509 0.63792160131509335
decision_type=2 2 2 2 2 2 2 2
left_child=1 2 3 -1 -2 -6 -4 -7
right_child=4 -3 6 -5 5 7 -8 -9
leaf_value=0.087866622280208917 0.033607392016664656 0.10594614205019975 -0.044023060158706176 0.0017117597929165705 -0.055798044436962999 0.020809619295309417 0.012026935408098911 -0.016308413221435846
leaf_weight=80.178542822599411 73.979402661323547 83.6680006980896 43.699428200721741 49.292212933301926 52.669999837875366 45.819857358932495 42.246022254228592 44.401414424180984
leaf_count=77 73 55 39 40 45 47 47 34
internal_value=0.0279233 0.0489107 0.0266375 0.0552126 -0.000903948 -0.0189762 -0.0161389 0.00224621
internal_weight=515.955 299.084 215.416 129.471 216.871 142.891 85.9455 90.2213
internal_count=457 258 203 117 199 126 86 81
is_linear=0
shrinkage=0.0868941


Tree=16
num_leaves=8
num_cat=0
split_feature=1 1 1 1 3 0 1
split_gain=33.1561 37.6629 34.4849 23.5184 14.1566 9.30182 7.97813
threshold=-0.30356774284540028 -0.34649302539564802 0.15784955012565552 -0.7587756791622905 -0.55211750647650404 0.56699757929295591 1.1859327313558767
decision_type=2 2 2 2 2 2 2
left_child=1 3 -2 5 -4 -1 -6
right_child=2 -3 4 -5 6 -7 -8
leaf_value=0.028035953178958725 0.11800170540481429 -0.037854622507937079 0.070830321441827784 0.078386524049765746 0.03254406448843962 -0.016968167716770694 -0.012095393355454804
leaf_weight=78.038067579269409 42.327311724424362 108.6055234670639 47.061292290687561 48.553988128900528 74.801607251167297 61.431260526180267 49.435159593820572
leaf_count=68 28 100 37 44 69 62 49
internal_value=0.0216376 0.00276018 0.0477319 0.026348 0.0302128 0.00804866 0.0145935
internal_weight=510.254 296.629 213.625 188.023 171.298 139.469 124.237
internal_count=457 274 183 174 155 130 118
is_linear=0
shrinkage=0.0868941


Tree=17
num_leaves=10
num_cat=0
split_feature=0 0 1 1 2 1 1 0 2
split_gain=17.91 13.7196 14.0008 38.856 26.0195 15.8528 10.3337 5.39127 2.01313
threshold=1.4875639438045531 -1.0927773911925043 -0.34649302539564802 -0.23988458100027646 0.039656819562020065 1.1859327313558767 -0.67385651755991971 0.56699757929295591 0.69515775523657242
decision_type=2 2 2 2 2 2 2 2 2
left_child=1 -1 6 8 5 -5 7 -3 -4
right_child=-2 2 3 4 -6 -7 -8 -9 -10
leaf_value=-0.01919081547820789 -0.038642421425639499 0.050997766638999707 -0.021012657147126402 0.038311941521380129 0.083386930705499115 -0.02652878414015019 0.083555443080127967 0.0059734462560502681 -0.049157001739052381
leaf_weight=61.81085416674614 45.073208421468735 44.30101615190506 43.257796674966812 71.495609223842621 59.032593548297882 46.581520527601242 42.631294935941696 38.880130499601364 41.675771534442902
leaf_count=69 41 48 42 63 42 42 33 40 37
internal_value=0.0132739 0.0185436 0.0246299 0.01307 0.0362884 0.0125366 0.0485086 0.0302641 -0.0350452
internal_weight=494.74 449.667 387.856 262.043 177.11 118.077 125.812 83.1811 84.9336
internal_count=457 416 347 226 147 105 121 88 79
is_linear=0
shrinkage=0.0868941


Tree=18
num_leaves=9
num_cat=0
split_feature=3 3 4 3 2 1 3 4
split_gain=31.5778 46.8295 32.0501 17.1542 15.2944 10.7174 8.16665 6.02955
threshold=-0.37499835410479643 0.22558522973894821 -0.13393720066018591 0.96262524150246154 0.20953515899292682 -0.48927718165818918 0.96262524150246154 0.26235384076266205
decision_type=2 2 2 2 2 2 2 2
left_child=4 -2 6 -4 5 -1 -3 -7
right_child=1 2 3 -5 -6 7 -8 -9
leaf_value=-0.070075211214310998 0.096298187210993605 0.061045259108213339 0.00046067485089984782 -0.074544685015891191 0.015268268606642873 0.006194292499822872 0.016921291780824455 -0.036921100756431818
leaf_weight=43.983270287513733 57.624907344579697 56.95959284901619 54.797908425331116 38.650448888540268 69.147838950157166 42.261570870876312 75.373382985591888 55.06842115521431
leaf_count=40 46 49 63 35 76 36 56 56
internal_value=0.00749978 0.0264618 0.00851563 -0.0302644 -0.0179159 -0.0343561 0.036079 -0.0179634
internal_weight=493.867 283.406 225.781 93.4484 210.461 141.313 132.333 97.33
internal_count=457 249 203 98 208 132 105 92
is_linear=0
shrinkage=0.0868941


Tree=19
num_leaves=9
num_cat=0
split_feature=1 1 3 0 4 2 2 4
split_gain=31.5593 22.1646 13.4672 12.4028 24.5921 6.76412 10.6823 5.33995
threshold=0.41632023021195858 -0.23988458100027646 1.0949538047349301 -0.041940372794790008 -0.049377035271901369 1.1747154740683843 0.039656819562020065 1.330140214355283
decision_type=2 2 2 2 2 2 2 2
left_child=1 2 5 4 -2 6 7 -1
right_child=3 -3 -4 -5 -6 -7 -8 -9
leaf_value=0.017494350616048905 -0.073494525604037644 0.078479693228415123 0.0678447174513057 0.01545391251795717 0.008415775512142518 -0.015707990879102445 0.050908415408579641 -0.024529962429123493
leaf_weight=70.438036233186722 53.855132699012756 62.894155383110046 38.485496550798416 67.523500353097916 55.514427244663239 50.256208837032318 56.639010578393936 33.337365567684174
leaf_count=85 42 39 32 63 58 44 60 35
internal_value=0.0156837 0.0323225 0.0205656 -0.0135231 -0.0316754 0.0117905 0.0205624 0.00376306
internal_weight=488.943 312.05 249.156 176.893 109.37 210.671 160.414 103.775
internal_count=458 295 256 163 100 224 180 120
is_linear=0
shrinkage=0.0868941


end of trees

feature_importances:
Column_4=97
Column_2=64
Column_1=56
Column_3=39
Column_0=32

parameters:
[boosting: gbdt]
[objective: binary]
[metric: binary_logloss]
[tree_learner: serial]
[device_type: cpu]
[data_sample_strategy: goss]
[data: ]
[valid: ]
[num_iterations: 288]
[learning_rate: 0.0868941]
[num_leaves: 141]
[num_threads: 12]
[seed: 42]
[deterministic: 0]
[force_col_wise: 0]
[force_row_wise: 0]
[histogram_pool_size: -1]
[max_depth: 19]
[min_data_in_leaf: 39]
[min_sum_hessian_in_leaf: 0.001]
[bagging_fraction: 1]
[pos_bagging_fraction: 1]
[neg_bagging_fraction: 1]
[bagging_freq: 0]
[bagging_seed: 400]
[bagging_by_query: 0]
[feature_fraction: 0.971261]
[feature_fraction_bynode: 1]
[feature_fraction_seed: 30056]
[extra_trees: 0]
[extra_seed: 12879]
[early_stopping_round: 0]
[early_stopping_min_delta: 0]
[first_metric_only: 0]
[max_delta_step: 0]
[lambda_l1: 0.279437]
[lambda_l2: 1.29254e-08]
[linear_lambda: 0]
[min_gain_to_split: 1.76782]
[drop_rate: 0.1]
[max_drop: 50]
[skip_drop: 0.5]
[xgboost_dart_mode: 0]
[uniform_drop: 0]
[drop_seed: 17869]
[top_rate: 0.2]
[other_rate: 0.1]
[min_data_per_group: 100]
[max_cat_threshold: 32]
[cat_l2: 10]
[cat_smooth: 10]
[max_cat_to_onehot: 4]
[top_k: 20]
[monotone_constraints: ]
[monotone_constraints_method: basic]
[monotone_penalty: 0]
[feature_contri: ]
[forcedsplits_filename: ]
[refit_decay_rate: 0.9]
[cegb_tradeoff: 1]
[cegb_penalty_split: 0]
[cegb_penalty_feature_lazy: ]
[cegb_penalty_feature_coupled: ]
[path_smooth: 0.100006]
[interaction_constraints: ]
[verbosity: -1]
[saved_feature_importance_type: 0]
[use_quantized_grad: 0]
[num_grad_quant_bins: 4]
[quant_train_renew_leaf: 0]
[stochastic_rounding: 1]
[linear_tree: 0]
[max_bin: 255]
[max_bin_by_feature: ]
[min_data_in_bin: 3]
[bin_construct_sample_cnt: 200000]
[data_random_seed: 175]
[is_enable_sparse: 1]
[enable_bundle: 1]
[use_missing: 1]
[zero_as_missing: 0]
[feature_pre_filter: 1]
[pre_partition: 0]
[two_round: 0]
[header: 0]
[label_column: ]
[weight_column: ]
[group_column: ]
[ignore_column: ]
[categorical_feature: ]
[forcedbins_filename: ]
[precise_float_parser: 0]
[parser_config_file: ]
[objective_seed: 16083]
[num_class: 1]
[is_unbalance: 0]
[scale_pos_weight: 2.29289]
[sigmoid: 1]
[boost_from_average: 1]
[reg_sqrt: 0]
[alpha: 0.9]
[fair_c: 1]
[poisson_max_delta_step: 0.7]
[tweedie_variance_power: 1.5]
[lambdarank_truncation_level: 30]
[lambdarank_norm: 1]
[label_gain: ]
[lambdarank_position_bias_regularization: 0]
[eval_at: ]
[multi_error_top_k: 1]
[auc_mu_weights: ]
[num_machines: 1]
[local_listen_port: 12400]
[time_out: 120]
[machine_list_filename: ]
[machines: ]
[gpu_platform_id: -1]
[gpu_device_id: -1]
[gpu_use_dp: 0]
[num_gpu: 1]

end of parameters

pandas_categorical:null
